0.008699	-1.293450839E-8
0.025366	-1.300267281E-8
0.042033	-1.29721606333333E-8
0.0587	-1.28654911566667E-8
0.075366	-1.285165949E-8
0.092033	-1.28718850566667E-8
0.1087	-1.28909923E-8
0.125366	-1.28514778433333E-8
0.142033	-1.28427567333333E-8
0.1587	-1.28806356233333E-8
0.175366	-1.28179667233333E-8
0.192033	-1.281592949E-8
0.208699	-1.27192650466667E-8
0.225366	-1.26102861766667E-8
0.242032	-1.26106378333333E-8
0.258699	-1.25482056E-8
0.275365	-1.24852328466667E-8
0.292032	-1.25459789333333E-8
0.308698	-1.260655618E-8
0.325365	-1.25791706E-8
0.342032	-1.26120617333333E-8
0.358699	-1.26042611766667E-8
0.375365	-1.272138451E-8
0.392032	-1.27412072666667E-8
0.408699	-1.275313341E-8
0.425365	-1.282864561E-8
0.442032	-1.26316817233333E-8
0.458698	-1.24946661566667E-8
0.475365	-1.239509671E-8
0.492032	-1.23141094866667E-8
0.508698	-1.23873011766667E-8
0.525365	-1.22618484E-8
0.542031	-1.221559839E-8
0.558698	-1.24115428333333E-8
0.575364	-1.24846861566667E-8
0.592031	-1.238852561E-8
0.608698	-1.24114139333333E-8
0.625365	-1.24244672766667E-8
0.642031	-1.254121451E-8
0.658698	-1.25068739566667E-8
0.675364	-1.24907206133333E-8
0.692031	-1.24840922666667E-8
0.708698	-1.24645622666667E-8
0.725364	-1.26579628333333E-8
0.742031	-1.26617289566667E-8
0.758698	-1.27299272666667E-8
0.775364	-1.28545022666667E-8
0.792031	-1.28515572666667E-8
0.808698	-1.28655906233333E-8
0.825364	-1.278572841E-8
0.842031	-1.30378845E-8
0.858698	-1.28045728233333E-8
0.875364	-1.27528411666667E-8
0.892031	-1.28376684E-8
0.908698	-1.27931639566667E-8
0.925364	-1.27587245E-8
0.942031	-1.26244222666667E-8
0.958698	-1.268631671E-8
0.975364	-1.27144406233333E-8
0.992031	-1.27409217233333E-8
1.008698	-1.27049878433333E-8
1.025364	-1.28038222666667E-8
1.042031	-1.279870341E-8
1.058697	-1.27368411766667E-8
1.075364	-1.27639295233333E-8
1.092031	-1.27494173E-8
1.108697	-1.27254345E-8
1.125364	-1.275444449E-8
1.14203	-1.276111951E-8
1.158697	-1.27886439333333E-8
1.175363	-1.274377839E-8
1.19203	-1.26611011766667E-8
1.208696	-1.26173356233333E-8
1.225363	-1.259225561E-8
1.24203	-1.256197339E-8
1.258696	-1.250870561E-8
1.275363	-1.24390389433333E-8
1.292029	-1.238050781E-8
1.308696	-1.23535528233333E-8
1.325363	-1.23551167233333E-8
1.342029	-1.22895717333333E-8
1.358696	-1.22905700433333E-8
1.375362	-1.20596578233333E-8
1.392029	-1.20349822766667E-8
1.408695	-1.207695781E-8
1.425362	-1.19577983666667E-8
1.442028	-1.181790449E-8
1.458695	-1.199450341E-8
1.475362	-1.18534678333333E-8
1.492029	-1.16874439666667E-8
1.508695	-1.20433322666667E-8
1.525361	-1.17524894766667E-8
1.542028	-1.16148061433333E-8
1.558695	-1.13317483766667E-8
1.575361	-1.13705122566667E-8
1.592028	-1.16368633666667E-8
1.608694	-1.141603339E-8
1.625361	-1.11250550333333E-8
1.642027	-1.127323951E-8
1.658694	-1.14605245E-8
1.67536	-1.12611344766667E-8
1.692027	-1.10211967233333E-8
1.708694	-1.10894817333333E-8
1.725361	-1.12190711666667E-8
1.742027	-1.09380800566667E-8
1.758693	-1.06512017233333E-8
1.77536	-1.08319911766667E-8
1.792027	-1.09086700433333E-8
1.808693	-1.091979729E-8
1.82536	-1.07274967333333E-8
1.842027	-1.06683984E-8
1.858693	-1.07211672666667E-8
1.87536	-1.07474450433333E-8
1.892026	-1.080141451E-8
1.908693	-1.06769128466667E-8
1.92536	-1.06999978233333E-8
1.942026	-1.07401022766667E-8
1.958693	-1.07753539566667E-8
1.97536	-1.06929750666667E-8
1.992027	-1.05618917333333E-8
2.008693	-1.05743489433333E-8
2.025359	-1.04756667333333E-8
2.042026	-1.04745839333333E-8
2.058693	-1.03108789566667E-8
2.07536	-1.04304350433333E-8
2.092026	-1.01306584E-8
2.108693	-1.00797156133333E-8
2.125359	-1.01286622866667E-8
2.142026	-9.94442838666667E-9
2.158693	-9.99458839E-9
2.175359	-1.00060556E-8
2.192026	-9.85633282333333E-9
2.208693	-9.89334504333333E-9
2.225359	-9.81313894666667E-9
2.242026	-9.61995951E-9
2.258693	-9.46403117666667E-9
2.275359	-9.63860228E-9
2.292026	-9.46100171E-9
2.308692	-9.3067456E-9
2.325359	-9.39059895666667E-9
2.342026	-9.33690229E-9
2.358693	-9.1686856E-9
2.375359	-9.2085434E-9
2.392025	-9.14930562333333E-9
2.408692	-9.11381283333333E-9
2.425358	-9.19288616666667E-9
2.442025	-9.00945949E-9
2.458692	-9.08202782333333E-9
2.475359	-8.84350506666667E-9
2.492025	-8.84194894333333E-9
2.508692	-8.75440282333333E-9
2.525359	-8.46555505666667E-9
2.542025	-8.40475227666667E-9
2.558691	-8.25416339E-9
2.575358	-8.18097672333333E-9
2.592025	-7.81935005333333E-9
2.608691	-7.85225839E-9
2.625358	-7.73944894333333E-9
2.642025	-7.74191894333333E-9
2.658692	-7.88920394333333E-9
2.675358	-7.73025172333333E-9
2.692025	-7.61449394333333E-9
2.708692	-7.4225045E-9
2.725358	-7.54781061333333E-9
2.742025	-7.37931394666667E-9
2.758691	-7.35051617E-9
2.775358	-7.42590505666667E-9
2.792024	-7.28373839E-9
2.808691	-7.28332005333333E-9
2.825357	-7.14712061333333E-9
2.842024	-7.30139783333333E-9
2.858691	-7.19335394666667E-9
2.875357	-7.17801283E-9
2.892024	-7.07287228E-9
2.908691	-7.1340045E-9
2.925356	-6.96820894333333E-9
2.942023	-6.91025172E-9
2.95869	-6.95856839E-9
2.975357	-7.00488728E-9
2.992023	-6.81348727666667E-9
3.00869	-6.96109505666667E-9
3.025356	-6.93082728E-9
3.042023	-6.93021005333333E-9
3.05869	-6.81326005666667E-9
3.075356	-6.77885172333333E-9
3.092023	-6.86014005666667E-9
3.108689	-6.83763339E-9
3.125356	-6.54150894333333E-9
3.142022	-6.75688727666667E-9
3.15869	-6.75536783333333E-9
3.175356	-6.77937283E-9
3.192022	-6.78759505666667E-9
3.208689	-7.03371394333333E-9
3.225356	-7.02356172E-9
3.242022	-6.86100728E-9
3.258689	-7.08487505666667E-9
3.275356	-7.04356227666667E-9
3.292022	-7.07005894666667E-9
3.308689	-6.90061228E-9
3.325356	-6.97223061E-9
3.342022	-6.78420505666667E-9
3.358689	-6.74403727666667E-9
3.375355	-6.69241505333333E-9
3.392022	-6.67909394333333E-9
3.408689	-6.52568783333333E-9
3.425355	-6.55728894666667E-9
3.442023	-6.5630345E-9
3.458689	-6.68236616666667E-9
3.475356	-6.39978394333333E-9
3.492022	-6.59734672333333E-9
3.508689	-6.43590838666667E-9
3.525355	-6.39237172333333E-9
3.542022	-6.28889394333333E-9
3.558688	-6.33363616666667E-9
3.575356	-6.18814727666667E-9
3.592022	-6.17873283666667E-9
3.608689	-6.05837505666667E-9
3.625356	-6.11095505333333E-9
3.642022	-6.07050449666667E-9
3.658688	-6.16512061E-9
3.675355	-6.1747445E-9
3.692022	-6.05915672333333E-9
3.708689	-6.06294338666667E-9
3.725356	-6.07069839E-9
3.742022	-6.03697172333333E-9
3.758688	-5.94882338666667E-9
3.775355	-6.00368505666667E-9
3.792021	-5.79619061E-9
3.808688	-5.7048395E-9
3.825354	-5.70324783E-9
3.842022	-5.52469227666667E-9
3.858688	-5.60077672333333E-9
3.875354	-5.59196838666667E-9
3.892021	-5.58877839E-9
3.908687	-5.57799783666667E-9
3.925354	-5.61893783333333E-9
3.94202	-5.59923783333333E-9
3.958687	-5.59558783333333E-9
3.975354	-5.6624345E-9
3.99202	-5.66233172333333E-9
4.008687	-5.66645616666667E-9
4.025353	-5.75933505666667E-9
4.042021	-5.84474061E-9
4.058686	-5.73682227666667E-9
4.075353	-5.7606795E-9
4.092019	-5.81437283E-9
4.108686	-5.77387561E-9
4.125353	-5.74541839E-9
4.14202	-5.71688505666667E-9
4.158686	-5.66960117E-9
4.175352	-5.5656945E-9
4.192019	-5.57375894333333E-9
4.208686	-5.45883839E-9
4.225352	-5.47847449666667E-9
4.24202	-5.41087505666667E-9
4.258686	-5.36397839E-9
4.275352	-5.42029505666667E-9
4.292019	-5.51198783333333E-9
4.308686	-5.48487616333333E-9
4.325352	-5.39910116666667E-9
4.342019	-5.4085295E-9
4.358685	-5.30426283333333E-9
4.375352	-5.24273561E-9
4.392019	-5.26013783333333E-9
4.408685	-5.24454561E-9
4.425352	-5.15070783333333E-9
4.442018	-5.17075505666667E-9
4.458685	-5.23369005666667E-9
4.475352	-5.28507061333333E-9
4.492018	-5.30825727666667E-9
4.508684	-5.31385617E-9
4.525352	-5.32035061E-9
4.542018	-5.3057995E-9
4.558685	-5.21097283333333E-9
4.575352	-5.23214005333333E-9
4.592018	-5.23162672333333E-9
4.608685	-5.16651061E-9
4.625352	-5.13235616666667E-9
4.642019	-5.11980283333333E-9
4.658685	-5.09000838666667E-9
4.675352	-5.01622894666667E-9
4.692018	-5.04232116666667E-9
4.708685	-5.01405172333333E-9
4.725351	-5.05119894333333E-9
4.742018	-5.01887450333333E-9
4.758685	-5.04254894333333E-9
4.775351	-5.17416061333333E-9
4.792018	-5.31449505666667E-9
4.808684	-5.25536727666667E-9
4.825351	-5.32392839E-9
4.842018	-5.39860172E-9
4.858685	-5.33930838666667E-9
4.875351	-5.30411172333333E-9
4.892018	-5.23025061E-9
4.908684	-5.31556783333333E-9
4.925351	-5.22459061E-9
4.942017	-5.18651061E-9
4.958684	-5.22606394666667E-9
4.975351	-5.20526839E-9
4.992018	-5.11000394333333E-9
5.008684	-5.13916839E-9
5.02535	-5.11877172E-9
5.042018	-5.09441283333333E-9
5.058684	-5.11147505666667E-9
5.07535	-5.08040394333333E-9
5.092018	-5.05988283333333E-9
5.108684	-5.01889172333333E-9
5.12535	-5.01704616333333E-9
5.142017	-5.06428228E-9
5.158684	-5.12949005666667E-9
5.17535	-5.09127783333333E-9
5.192017	-5.05559005333333E-9
5.208684	-5.04158061E-9
5.225349	-5.03383561E-9
5.242016	-5.02528394333333E-9
5.258683	-5.12529505333333E-9
5.275349	-5.24668394666667E-9
5.292016	-5.15957283666667E-9
5.308682	-5.18502227666667E-9
5.325349	-5.19289838666667E-9
5.342016	-5.18125005666667E-9
5.358682	-5.18961894333333E-9
5.375349	-5.25291394666667E-9
5.392016	-5.26193172E-9
5.408682	-5.20517338666667E-9
5.425348	-5.2413895E-9
5.442015	-5.21757005666667E-9
5.458682	-5.14823616666667E-9
5.475348	-4.99874061333333E-9
5.492015	-4.97211727666667E-9
5.508682	-4.95408394333333E-9
5.525349	-4.93231561333333E-9
5.542015	-4.87451061E-9
5.558682	-4.98262339E-9
5.575349	-4.91571783E-9
5.592015	-4.77678339E-9
5.608681	-4.79364339E-9
5.625348	-4.82396061E-9
5.642014	-4.72740339E-9
5.658681	-4.75853061E-9
5.675348	-4.76294394333333E-9
5.692014	-4.75182616666667E-9
5.708681	-4.84690283333333E-9
5.725347	-4.80148894666667E-9
5.742014	-4.86019672333333E-9
5.758681	-4.87163783333333E-9
5.775347	-4.87055227666667E-9
5.792014	-4.86113227666667E-9
5.80868	-4.77866561E-9
5.825347	-4.75399839E-9
5.842014	-4.73687783333333E-9
5.858681	-4.72190616666667E-9
5.875347	-4.69215505666667E-9
5.892013	-4.67627838666667E-9
5.90868	-4.73222672333333E-9
5.925347	-4.48052394333333E-9
5.942013	-4.57379561E-9
5.95868	-4.5859445E-9
5.975347	-4.58121283333333E-9
5.992014	-4.33458727666667E-9
6.00868	-4.21494894333333E-9
6.025346	-4.27784783666667E-9
6.042014	-4.07970894333333E-9
6.05868	-3.85613728E-9
6.075347	-3.75338227666667E-9
6.092013	-3.70917783333333E-9
6.10868	-3.59160894666667E-9
6.125347	-3.53549116666667E-9
6.142013	-3.43389450333333E-9
6.15868	-3.39966449666667E-9
6.175346	-3.38001228E-9
6.192013	-3.34521783333333E-9
6.20868	-3.17952283666667E-9
6.225347	-3.25524061E-9
6.242013	-3.27551617E-9
6.25868	-3.17820172333333E-9
6.275346	-3.16463339E-9
6.292013	-3.13486894333333E-9
6.30868	-3.09954005666667E-9
6.325346	-3.11378061333333E-9
6.342013	-3.00772394666667E-9
6.358679	-2.88808783666667E-9
6.375346	-2.77091005333333E-9
6.392012	-2.65458672333333E-9
6.40868	-2.6028495E-9
6.425346	-2.554147831E-9
6.442012	-2.46638450233333E-9
6.458679	-2.43897727566667E-9
6.475345	-2.36226616566667E-9
6.492013	-2.21797227666667E-9
6.508679	-2.00574116666667E-9
6.525345	-1.942471169E-9
6.542012	-1.93118616783333E-9
6.558679	-1.88496005433333E-9
6.575345	-1.758823389E-9
6.592012	-1.73807061233333E-9
6.608679	-1.70443061E-9
6.625345	-1.57834727666667E-9
6.642011	-1.449485612E-9
6.658678	-1.39831727666667E-9
6.675345	-1.32338894333333E-9
6.692011	-1.20008561E-9
6.708678	-1.14155116673333E-9
6.725344	-1.05971727766667E-9
6.742011	-9.96986167666667E-10
6.758678	-9.04148945666667E-10
6.775345	-8.94176723333333E-10
6.792011	-8.51314502333333E-10
6.808678	-7.23551165666667E-10
6.825344	-6.34477277666666E-10
6.842011	-5.87686165666667E-10
6.858677	-4.5447061E-10
6.875344	-3.28913386666667E-10
6.892011	-2.07302833333333E-10
6.908677	-1.35166166666667E-10
6.925344	1.99921666666664E-11
6.942011	1.38574943333333E-10
6.958677	2.43329943333333E-10
6.975344	5.1923883E-10
6.99201	7.45964943333333E-10
7.008677	6.89361056666667E-10
7.025344	6.16840503333333E-10
7.04201	8.52013276666666E-10
7.058676	1.0451255E-9
7.075343	1.18825772333333E-9
7.09201	1.33498661333333E-9
7.108676	1.47207883333333E-9
7.125343	1.64137494333333E-9
7.142009	1.66489828E-9
7.158676	1.68188494333333E-9
7.175343	1.68401939E-9
7.19201	1.71896661E-9
7.208676	1.82162216666667E-9
7.225343	1.97217661E-9
7.242009	1.88618327666667E-9
7.258676	1.88309494666667E-9
7.275343	1.97184494333333E-9
7.292009	2.11922327666667E-9
7.308676	2.28374661E-9
7.325342	2.3504805E-9
7.342009	2.57649716666667E-9
7.358676	2.66605772333333E-9
7.375342	2.58318605333333E-9
7.392009	2.41485105666667E-9
7.408676	2.22161272333333E-9
7.425342	2.1859805E-9
7.442009	2.34778605766667E-9
7.458676	2.46829494333333E-9
7.475342	2.77932105766667E-9
7.492009	3.12464605666667E-9
7.508675	3.263032721E-9
7.525342	3.20319161333333E-9
7.542009	3.10732938666667E-9
7.558675	3.05887994333333E-9
7.575342	3.16957883433333E-9
7.592009	3.24674605566667E-9
7.608675	3.290722721E-9
7.625342	3.55355327566667E-9
7.642009	3.58850605766667E-9
7.658675	2.98039994333333E-9
7.675342	2.98492549666667E-9
7.692009	3.0212805E-9
7.708675	3.23794828E-9
7.725341	3.38127883333333E-9
7.742008	3.49485105566667E-9
7.758675	3.80111883333333E-9
7.775341	3.84673605566667E-9
7.792008	3.90620439E-9
7.808674	4.11463383433333E-9
7.825341	4.18929383566667E-9
7.842009	4.15403327566667E-9
7.858675	3.72095883233333E-9
7.875342	3.65813438882E-9
7.892008	3.57646550216667E-9
7.908674	3.5001616122E-9
7.925341	3.428466609E-9
7.942008	3.53756161333333E-9
7.958674	3.62638494433333E-9
7.975341	3.718965501E-9
7.992007	3.672391611E-9
8.008674	3.9447405E-9
8.025341	3.91865883333333E-9
8.042007	4.19160605666667E-9
8.058674	4.14995272333333E-9
8.075341	4.3738305E-9
8.092007	4.60825161E-9
8.108674	4.83020716666667E-9
8.125341	4.89222105666667E-9
8.142008	5.13128105666667E-9
8.158675	5.41909272E-9
8.17534	5.64662161E-9
8.192006	5.83866383333333E-9
8.208673	6.04144994666667E-9
8.22534	6.04132439E-9
8.242006	6.3264655E-9
8.258673	6.57928939E-9
8.27534	6.91416215666667E-9
8.292006	7.21304826666667E-9
8.308673	7.0899155E-9
8.32534	7.27188049E-9
8.342007	7.55118273333333E-9
8.358673	7.72812326666667E-9
8.375339	8.12854271E-9
8.392006	8.31553772333333E-9
8.408672	8.51883162E-9
8.42534	8.56868827666667E-9
8.442006	8.5044355E-9
8.458672	8.6584894E-9
8.47534	8.99879104333333E-9
8.492006	9.27512828E-9
8.508672	9.31727161E-9
8.525339	9.26281327666667E-9
8.542005	9.54874217666667E-9
8.558672	9.82875493333333E-9
8.575339	9.83084327666667E-9
8.592006	1.00963710666667E-8
8.608672	1.032492329E-8
8.625339	1.03673099433333E-8
8.642006	1.03787849433333E-8
8.658672	1.06375610533333E-8
8.675339	1.047668828E-8
8.692005	1.03178060433333E-8
8.708672	1.07147421533333E-8
8.725338	1.07575043766667E-8
8.742005	1.07830110566667E-8
8.758672	1.07405699333333E-8
8.775339	1.083874771E-8
8.792005	1.09859677233333E-8
8.808672	1.11834349333333E-8
8.825339	1.13450321766667E-8
8.842005	1.146909941E-8
8.858672	1.17687732666667E-8
8.875339	1.21285260766667E-8
8.892005	1.238277161E-8
8.908671	1.25550738233333E-8
8.925338	1.29973277433333E-8
8.942005	1.33472899333333E-8
8.958672	1.33637505E-8
8.975338	1.37093782666667E-8
8.992005	1.38592394E-8
9.008672	1.40896477333333E-8
9.025338	1.42691238E-8
9.042005	1.44498977E-8
9.058671	1.46437927E-8
9.075338	1.47682716E-8
9.092005	1.47038227E-8
9.108672	1.48279038333333E-8
9.125338	1.50558416333333E-8
9.142004	1.53361216333333E-8
9.158672	1.56806177E-8
9.175338	1.59324460666667E-8
9.192005	1.61919510666667E-8
9.208671	1.63380271666667E-8
9.225338	1.64826521666667E-8
9.242004	1.65025827333333E-8
9.258671	1.67713260666667E-8
9.275337	1.69638210666667E-8
9.292004	1.70507988666667E-8
9.30867	1.73310344E-8
9.325337	1.75080788E-8
9.342004	1.75609588333333E-8
9.358671	1.76450971666667E-8
9.375337	1.80114672E-8
9.392003	1.81768666E-8
9.40867	1.81101904666667E-8
9.425337	1.80209899333333E-8
9.442003	1.80748560666667E-8
9.45867	1.81494216E-8
9.475337	1.79479933E-8
9.492003	1.80000760666667E-8
9.508669	1.83166721333333E-8
9.525337	1.80385427333333E-8
9.542003	1.76126988E-8
9.558669	1.76097666E-8
9.575336	1.84870266333333E-8
9.592003	1.87365866E-8
9.60867	1.96974693666667E-8
9.625336	1.97081105E-8
9.642003	1.99928821333333E-8
9.658669	2.04550949333333E-8
9.675336	2.08614943666667E-8
9.692002	2.12543471666667E-8
9.708669	2.07095977333333E-8
9.725335	1.97073671666667E-8
9.742002	1.99763993666667E-8
9.758669	2.00233255E-8
9.775335	2.00890027E-8
9.792002	2.05500482666667E-8
9.808668	2.08070999666667E-8
9.825335	2.04427149333333E-8
9.842002	2.03992399666667E-8
9.858669	2.05267027E-8
9.875335	2.07184899333333E-8
9.892001	2.10003977333333E-8
9.908669	2.12690633E-8
9.925335	2.14310921666667E-8
9.942002	2.16890288333333E-8
9.958668	2.19336455333333E-8
9.975335	2.21247660666667E-8
9.992002	2.22333977333333E-8
10.008668	2.22831466E-8
10.025335	2.27797816E-8
10.042001	2.28640994E-8
10.058668	2.33298332666667E-8
10.075335	2.31103627333333E-8
10.092002	2.29748605E-8
10.108668	2.29001177333333E-8
10.125334	2.28553205E-8
10.142001	2.29073677333333E-8
10.158668	2.29452121666667E-8
10.175334	2.33377255E-8
10.192001	2.37032266333333E-8
10.208668	2.37976916333333E-8
10.225335	2.37262649666667E-8
10.242001	2.37313027333333E-8
10.258667	2.37210488333333E-8
10.275335	2.36850671666667E-8
10.292001	2.34743210333333E-8
10.308668	2.31783994E-8
10.325334	2.30540855333333E-8
10.342001	2.29699082666667E-8
10.358668	2.29808860333333E-8
10.375335	2.32308432666667E-8
10.392001	2.35858005E-8
10.408667	2.36056477333333E-8
10.425334	2.34549238333333E-8
10.442001	2.35003866333333E-8
10.458668	2.33791466333333E-8
10.475333	2.29534582666667E-8
10.492001	2.30068010666667E-8
10.508667	2.30704094E-8
10.525334	2.31876194E-8
10.542	2.34338494E-8
10.558667	2.36040655E-8
10.575334	2.40853138E-8
10.592001	2.40095121666667E-8
10.608667	2.38712288E-8
10.625334	2.38927966333333E-8
10.642	2.40427443666667E-8
10.658666	2.41253471666667E-8
10.675333	2.42439277E-8
10.691999	2.43152116E-8
10.708666	2.46457043666667E-8
10.725332	2.48570132666667E-8
10.741999	2.50484099666667E-8
10.758666	2.55746188333333E-8
10.775331	2.57789999333333E-8
10.791999	2.61932505E-8
10.808665	2.59180771666667E-8
10.825331	2.62070805E-8
10.841998	2.61824516E-8
10.858665	2.62533894E-8
10.875332	2.66245594E-8
10.891998	2.67798188E-8
10.908665	2.69539616E-8
10.925332	2.67804666E-8
10.941998	2.69095010666667E-8
10.958665	2.69130238333333E-8
10.975331	2.71849705E-8
10.991998	2.73975782666667E-8
11.008665	2.77538366333333E-8
11.025331	2.82176777333333E-8
11.041998	2.83862160333333E-8
11.058664	2.84260671666667E-8
11.075331	2.83980249666667E-8
11.091997	2.83283138333333E-8
11.108664	2.82797821666667E-8
11.125331	2.85844938333333E-8
11.141997	2.86093721666667E-8
11.158664	2.86282577333333E-8
11.175331	2.87431194E-8
11.191997	2.85005755E-8
11.208664	2.81710116E-8
11.22533	2.79513488333333E-8
11.241997	2.76545755333333E-8
11.258663	2.73553638333333E-8
11.27533	2.70461621666667E-8
11.291997	2.69582527E-8
11.308664	2.67567727333333E-8
11.32533	2.66623827E-8
11.341997	2.67036949333333E-8
11.358663	2.67018627E-8
11.37533	2.68131532666667E-8
11.391997	2.69212399333333E-8
11.408663	2.70092271666667E-8
11.42533	2.70846999333333E-8
11.441996	2.69639394E-8
11.458663	2.70514799666667E-8
11.47533	2.70277072E-8
11.491997	2.69709049333333E-8
11.508663	2.67705082666667E-8
11.52533	2.68367633E-8
11.541996	2.67247905E-8
11.558663	2.68800305E-8
11.57533	2.67787093666667E-8
11.591996	2.64969610666667E-8
11.608663	2.60477238333333E-8
11.62533	2.59371494E-8
11.641996	2.58738493666667E-8
11.658663	2.58933743666667E-8
11.67533	2.60232494E-8
11.691997	2.61608094E-8
11.708663	2.62090910666667E-8
11.72533	2.59913577E-8
11.741996	2.58504738E-8
11.758663	2.56698682666667E-8
11.77533	2.57331094E-8
11.791996	2.57500199333333E-8
11.808663	2.56842094E-8
11.82533	2.57139438333333E-8
11.841996	2.58195349333333E-8
11.858663	2.57021277333333E-8
11.875329	2.55926099333333E-8
11.891996	2.51883616333333E-8
11.908663	2.51455399666667E-8
11.925329	2.52085838333333E-8
11.941996	2.53774494E-8
11.958662	2.54407283E-8
11.975329	2.53863582666667E-8
11.991996	2.52985210666667E-8
12.008662	2.53075405E-8
12.025329	2.51794732666667E-8
12.041995	2.51073582666667E-8
12.058662	2.49305638666667E-8
12.075329	2.46337171333333E-8
12.091996	2.45527254666667E-8
12.108661	2.46437160666667E-8
12.125329	2.46506632666667E-8
12.141995	2.44536693666667E-8
12.158661	2.45664166E-8
12.175328	2.51711222E-8
12.191994	2.53438227333333E-8
12.208661	2.54356710333333E-8
12.225327	2.55849905E-8
12.241994	2.54386255E-8
12.258661	2.53176371666667E-8
12.275327	2.51517888333333E-8
12.291994	2.50732310666667E-8
12.308661	2.53064016E-8
12.325328	2.52595527E-8
12.341994	2.50645299666667E-8
12.35866	2.50351121666667E-8
12.375326	2.48934860333333E-8
12.391993	2.49329827E-8
12.40866	2.51377038333333E-8
12.425326	2.51904321666667E-8
12.441993	2.48105810666667E-8
12.458659	2.48076638333333E-8
12.475326	2.48978666E-8
12.491992	2.47434160666667E-8
12.508659	2.44087910666667E-8
12.525326	2.42774144E-8
12.541993	2.43211416E-8
12.558659	2.43291072E-8
12.575326	2.42282005333333E-8
12.591992	2.40942327E-8
12.608659	2.38375655233333E-8
12.625325	2.35793816233333E-8
12.641992	2.33941199666667E-8
12.658659	2.33290388566667E-8
12.675326	2.33202538433333E-8
12.691992	2.32156571666667E-8
12.708659	2.31550988333333E-8
12.725325	2.29729566E-8
12.741993	2.29971666E-8
12.758659	2.309527051E-8
12.775325	2.29914277433333E-8
12.791992	2.27939471566667E-8
12.808658	2.26895816233333E-8
12.825325	2.260948161E-8
12.841992	2.24176443766667E-8
12.858659	2.221982329E-8
12.875325	2.22649277E-8
12.891992	2.223617659E-8
12.908658	2.22752838333333E-8
12.925325	2.22570227433333E-8
12.941992	2.22203438433333E-8
12.958658	2.22516816E-8
12.975325	2.22288732666667E-8
12.991992	2.22436649433333E-8
13.008658	2.21822521666667E-8
13.025325	2.208882939E-8
13.041992	2.21455510333333E-8
13.058658	2.222731051E-8
13.075325	2.22299638333333E-8
13.091992	2.217306661E-8
13.108659	2.20087860566667E-8
13.125325	2.18831532766667E-8
13.141992	2.21343749333333E-8
13.158659	2.20948371433333E-8
13.175326	2.20189482666667E-8
13.191992	2.18372393666667E-8
13.208658	2.17649899566667E-8
13.225325	2.15884821766667E-8
13.241991	2.13216588233333E-8
13.258658	2.12074977333333E-8
13.275324	2.114152939E-8
13.291991	2.10588293766667E-8
13.308658	2.09996738333333E-8
13.325324	2.08566160666667E-8
13.341991	2.07502955E-8
13.358658	2.04628405E-8
13.375325	2.013104881E-8
13.391991	2.01136721666667E-8
13.408657	2.02430171666667E-8
13.425324	1.99622438233333E-8
13.441991	2.00921349433333E-8
13.458657	1.99468060433333E-8
13.475324	1.96895394E-8
13.49199	1.95286349333333E-8
13.508657	1.93488582666667E-8
13.525324	1.91527799443333E-8
13.541991	1.8860180511E-8
13.558657	1.86829221666667E-8
13.575323	1.864552829E-8
13.59199	1.85561116233333E-8
13.608656	1.845916661E-8
13.625323	1.830034659E-8
13.64199	1.828065941E-8
13.658656	1.81950249433333E-8
13.675323	1.81344721766667E-8
13.691989	1.79300710566667E-8
13.708656	1.791441939E-8
13.725322	1.76596827333333E-8
13.741989	1.750469941E-8
13.758656	1.732582659E-8
13.775322	1.70716949666667E-8
13.791989	1.69261555E-8
13.808655	1.679529441E-8
13.825322	1.67009849433333E-8
13.841989	1.69455021766667E-8
13.858655	1.63482577E-8
13.875322	1.63464804766667E-8
13.891988	1.612908439E-8
13.908655	1.58984727233333E-8
13.925321	1.57681971433333E-8
13.941989	1.56870910666667E-8
13.958655	1.55799727333333E-8
13.975322	1.55665277233333E-8
13.991988	1.56130693666667E-8
14.008655	1.52201077333333E-8
14.025321	1.50275105233333E-8
14.041989	1.49349699233333E-8
14.058655	1.475610661E-8
14.075321	1.43440499333333E-8
14.091988	1.401389939E-8
14.108654	1.37962166233333E-8
14.125321	1.36602860433333E-8
14.141988	1.351404829E-8
14.158655	1.339536939E-8
14.175321	1.33542021766667E-8
14.191988	1.325600719E-8
14.208654	1.30476032566667E-8
14.225322	1.286437439E-8
14.241988	1.287978161E-8
14.258654	1.28193660566667E-8
14.275321	1.26479127233333E-8
14.291988	1.26212782766667E-8
14.308655	1.24237483E-8
14.32532	1.221444161E-8
14.341988	1.20300655233333E-8
14.358654	1.18586794E-8
14.375321	1.16368716333333E-8
14.391988	1.146187271E-8
14.408654	1.136102439E-8
14.425321	1.12110582666667E-8
14.441988	1.08410121666667E-8
14.458655	1.06285793666667E-8
14.47532	1.05868560666667E-8
14.491988	1.03007760666667E-8
14.508655	1.01465738333333E-8
14.525321	1.01359266333333E-8
14.541988	9.96346606666667E-9
14.558654	9.73121716666667E-9
14.575321	9.49226773333333E-9
14.591987	9.38599883333333E-9
14.608654	9.33258883333333E-9
14.62532	9.2272616E-9
14.641987	9.25364383333333E-9
14.658654	9.06366993333333E-9
14.67532	8.87933383333333E-9
14.691986	8.66817106666667E-9
14.708653	8.52188716666667E-9
14.72532	8.3863733E-9
14.741986	8.21442606666666E-9
14.758653	8.0121922E-9
14.77532	7.87048603333334E-9
14.791986	7.68863883333333E-9
14.808653	7.54751883333333E-9
14.82532	7.31430383333333E-9
14.841985	7.21936106666667E-9
14.858652	7.01372273333333E-9
14.875319	6.73512493333333E-9
14.891985	6.5781716E-9
14.908652	6.64868273333333E-9
14.925318	6.44843327666667E-9
14.941985	6.40630607666667E-9
14.958652	6.31767216666667E-9
14.975318	6.18396826666666E-9
14.991985	6.01885605666667E-9
15.008652	5.91743493333333E-9
15.025319	5.85312772333333E-9
15.041985	5.68864771E-9
15.058651	5.55592772333333E-9
15.075318	4.86217883333333E-9
15.091984	4.58316881E-9
15.108651	4.3422755E-9
15.125318	4.07036493333333E-9
15.141985	3.7927655E-9
15.158651	3.57740327666667E-9
15.175317	3.41832384333333E-9
15.191984	3.21695716666667E-9
15.20865	2.81087051E-9
15.225317	2.4746894E-9
15.241983	2.26017827666667E-9
15.258651	2.22209049E-9
15.275317	2.05653603333333E-9
15.291983	1.84325551E-9
15.30865	1.68035716666667E-9
15.325317	1.41706939E-9
15.341984	1.3114983E-9
15.35865	1.22197662333333E-9
15.375317	1.10598103333333E-9
15.391984	1.08932829E-9
15.40865	1.0226366E-9
15.425317	9.03022723333333E-10
15.441983	7.62909943333333E-10
15.458649	7.52225489999999E-10
15.475317	5.99047156666667E-10
15.491983	4.76106033333333E-10
15.50865	3.39106043333333E-10
15.525316	-1.80757276666666E-10
15.541983	-4.02525623333334E-10
15.55865	-6.18485599999999E-10
15.575317	-7.711184E-10
15.591983	-1.01641117766667E-9
15.60865	-1.1345856E-9
15.625317	-1.329414511E-9
15.641983	-1.398748389E-9
15.65865	-1.45207282227333E-9
15.675316	-1.6889445E-9
15.691983	-1.88007452233333E-9
15.70865	-2.032670589E-9
15.725317	-2.203359499E-9
15.741983	-2.35494951E-9
15.758649	-2.44074615666667E-9
15.775316	-2.67341616666667E-9
15.791983	-2.73267284333333E-9
15.80865	-2.74987726666667E-9
15.825316	-2.85249173333333E-9
15.841983	-3.07196172E-9
15.858649	-3.18165504333333E-9
15.875316	-3.2798984E-9
15.891983	-3.32150393333333E-9
15.908649	-3.39950284666667E-9
15.925316	-3.49968672333333E-9
15.941982	-3.59335839E-9
15.958649	-3.75550004666667E-9
15.975315	-3.85193728E-9
15.991982	-3.95504839E-9
16.008648	-4.11579561E-9
16.025315	-4.21675673333333E-9
16.041982	-4.37997837666667E-9
16.058648	-4.57088505333333E-9
16.075315	-4.77324171E-9
16.091981	-4.87566227666667E-9
16.108648	-5.00465284666667E-9
16.125315	-5.16104449E-9
16.141981	-5.40963672E-9
16.158648	-5.48371005666667E-9
16.175315	-5.34925116666667E-9
16.191981	-5.81694226666667E-9
16.208648	-5.64300727666667E-9
16.225314	-5.76065894666667E-9
16.241982	-6.01341451E-9
16.258648	-6.02717615666667E-9
16.275315	-6.27192116666667E-9
16.291981	-6.36741393333333E-9
16.308648	-6.52072005666667E-9
16.325314	-6.70021505333333E-9
16.341981	-6.80318615666667E-9
16.358647	-6.97263171333333E-9
16.375315	-7.10165783333333E-9
16.39198	-7.28564227666667E-9
16.408648	-7.4307134E-9
16.425314	-7.63115561E-9
16.44198	-7.81433284333333E-9
16.458647	-7.84026061E-9
16.475314	-7.87791506666667E-9
16.49198	-7.9975295E-9
16.508646	-8.13268784333333E-9
16.525313	-8.21464004333333E-9
16.541979	-7.94343561E-9
16.558647	-8.26344562333333E-9
16.575312	-8.19394283333333E-9
16.59198	-8.09728781E-9
16.608646	-8.0878567E-9
16.625313	-8.2803534E-9
16.64198	-8.4229795E-9
16.658646	-8.46205005566667E-9
16.675313	-8.49100395566667E-9
16.69198	-8.533812811E-9
16.708646	-8.6193361889E-9
16.725312	-8.768877289E-9
16.74198	-8.860781711E-9
16.758646	-9.00221783333333E-9
16.775312	-9.096756189E-9
16.791979	-9.10100839E-9
16.808645	-9.16753174333333E-9
16.825312	-9.12688896666667E-9
16.841979	-9.18989229E-9
16.858646	-9.16213892333333E-9
16.875312	-9.08814504333333E-9
16.891979	-9.0009584E-9
16.908646	-9.00436673333333E-9
16.925313	-8.80091841E-9
16.941979	-8.83573171E-9
16.958645	-8.89002837666667E-9
16.975313	-8.86573727666667E-9
16.991979	-8.89703393333333E-9
17.008646	-8.97448506666667E-9
17.025312	-9.28086115666667E-9
17.041979	-9.47562116666667E-9
17.058645	-9.51048006666667E-9
17.075311	-9.52058672333333E-9
17.091979	-9.44249116666667E-9
17.108646	-9.31688617666667E-9
17.125312	-9.20910615666667E-9
17.141978	-9.19344506666667E-9
17.158645	-9.00872339E-9
17.175312	-9.01438339E-9
17.191978	-9.0073295E-9
17.208645	-9.13296616666667E-9
17.225312	-9.26165005666667E-9
17.241979	-9.30277339E-9
17.258645	-9.33140505666667E-9
17.275311	-9.28935226666667E-9
17.291977	-9.27511115666667E-9
17.308644	-9.19579116666667E-9
17.325311	-9.06758005666667E-9
17.341977	-8.99473726666667E-9
17.358645	-9.02715283333333E-9
17.375311	-9.16765004333333E-9
17.391977	-9.20919005666667E-9
17.408644	-9.07538782333333E-9
17.425311	-9.29676337666667E-9
17.441977	-9.40336171E-9
17.458644	-9.42309119E-9
17.47531	-9.47440895666667E-9
17.491977	-9.60168283333333E-9
17.508644	-9.47692004333333E-9
17.52531	-9.38852449E-9
17.541977	-9.40417505333333E-9
17.558644	-9.30113893333333E-9
17.57531	-9.02383894333333E-9
17.591977	-8.73941837666667E-9
17.608643	-8.51259728E-9
17.625309	-8.48316282E-9
17.641976	-8.28651339E-9
17.658643	-8.12672561E-9
17.675309	-8.08281839E-9
17.691976	-8.12906561333333E-9
17.708643	-8.22986172333333E-9
17.72531	-8.32590561333333E-9
17.741975	-8.30163672E-9
17.758643	-8.31453172E-9
17.775309	-8.33411616666667E-9
17.791975	-8.4254906E-9
17.808642	-8.31360894666667E-9
17.825309	-8.21510950333333E-9
17.841975	-8.09132838666667E-9
17.858642	-8.00073283E-9
17.875308	-7.86753116666667E-9
17.891975	-8.24665227666667E-9
17.908642	-8.21762338666667E-9
17.925308	-8.1515995E-9
17.941975	-8.10821838666667E-9
17.958642	-8.06003283333333E-9
17.975308	-7.92404505333333E-9
17.991975	-8.02955838666667E-9
18.008641	-8.01597394333333E-9
18.025308	-8.07993394333333E-9
18.041975	-8.14430005333333E-9
18.058642	-8.09183894333333E-9
18.075308	-7.95547283333333E-9
18.091975	-7.82020005666667E-9
18.108642	-7.99451673333333E-9
18.125308	-7.80051672333333E-9
18.141975	-7.34497116666667E-9
18.158642	-7.56828948666667E-9
18.175308	-7.46411504666667E-9
18.191975	-7.30843561E-9
18.208641	-7.20085338666667E-9
18.225308	-7.17386894666667E-9
18.241975	-7.14791727666667E-9
18.258641	-7.09271116666667E-9
18.275308	-7.1058245E-9
18.291975	-7.14474283333333E-9
18.308641	-7.19829116666667E-9
18.325308	-7.03344339E-9
18.341975	-6.96478339E-9
18.358641	-7.10939894333333E-9
18.375308	-6.97196616333333E-9
18.391975	-6.86325005666667E-9
18.408641	-6.86689894666667E-9
18.425308	-6.91201061E-9
18.441974	-6.87001672333333E-9
18.458641	-6.86279839E-9
18.475308	-6.85168672333333E-9
18.491974	-6.79309005333333E-9
18.508641	-6.75360894333333E-9
18.525307	-6.89492672333333E-9
18.541974	-6.86509672E-9
18.55864	-6.80447616666667E-9
18.575308	-6.77384839E-9
18.591974	-6.71364116666667E-9
18.60864	-6.65041339E-9
18.625307	-6.75619505333333E-9
18.641974	-6.81020894333333E-9
18.65864	-6.82988394333333E-9
18.675307	-6.74697394333333E-9
18.691973	-6.73900338666667E-9
18.70864	-6.71335172333333E-9
18.725306	-6.39532061E-9
18.741972	-6.47990728E-9
18.758639	-6.5254845E-9
18.775306	-6.57384061E-9
18.791973	-6.46085116666667E-9
18.80864	-6.36449005333333E-9
18.825306	-6.32540117E-9
18.841973	-6.23759894333333E-9
18.85864	-6.19379505666667E-9
18.875306	-6.30907672333333E-9
18.891972	-6.29089005666667E-9
18.908639	-6.25770672E-9
18.925306	-6.06099672333333E-9
18.941972	-6.35384783333333E-9
18.958639	-6.33603949666667E-9
18.975306	-6.46478783333333E-9
18.991972	-6.49425561333333E-9
19.008638	-6.4170695E-9
19.025305	-6.42815783333333E-9
19.041972	-6.42137839E-9
19.058639	-6.38306117E-9
19.075305	-6.25272672333333E-9
19.091972	-6.22445561E-9
19.108638	-6.20538894333333E-9
19.125305	-6.08164561333333E-9
19.141972	-6.18032505666667E-9
19.158638	-6.16557061E-9
19.175304	-5.98395005666667E-9
19.191971	-5.8715695E-9
19.208638	-5.95004617E-9
19.225304	-5.92675505666667E-9
19.241971	-5.95090339E-9
19.258637	-6.01880339E-9
19.275304	-6.03823894333333E-9
19.291971	-5.96080727666667E-9
19.308638	-5.98245061E-9
19.325304	-5.97540283333333E-9
19.34197	-5.93939894333333E-9
19.358637	-6.03723283E-9
19.375304	-6.12518394666667E-9
19.391971	-6.15992894666667E-9
19.408637	-6.18742839E-9
19.425304	-6.24905228E-9
19.44197	-6.25231616666667E-9
19.458637	-6.29850616666667E-9
19.475304	-6.12757283333333E-9
19.491971	-6.17486672E-9
19.508637	-6.08638339E-9
19.525304	-6.12003116666667E-9
19.54197	-6.05134616333333E-9
19.558637	-6.04151783666667E-9
19.575304	-6.06982672E-9
19.59197	-6.06284561333333E-9
19.608637	-5.9548495E-9
19.625304	-5.94293616666667E-9
19.64197	-5.82715839E-9
19.658637	-5.74503061E-9
19.675303	-5.62718005333333E-9
19.69197	-5.6379195E-9
19.708637	-5.66371672333333E-9
19.725303	-5.71816561E-9
19.74197	-5.85748894333333E-9
19.758636	-5.97543727666667E-9
19.775303	-5.80804950333333E-9
19.79197	-5.76629894333333E-9
19.808637	-5.83901838666667E-9
19.825304	-5.85259338666667E-9
19.84197	-5.82472839E-9
19.858637	-5.78703505666667E-9
19.875303	-5.7343695E-9
19.89197	-5.77440561E-9
19.908636	-5.78995005333333E-9
19.925303	-5.80778061E-9
19.94197	-5.87247227666667E-9
19.958637	-5.98655672E-9
19.975303	-6.05061172333333E-9
19.99197	-6.14240672333333E-9
20.008636	-6.18948116666667E-9
20.025303	-6.21695005333333E-9
20.041969	-6.15786227666667E-9
20.058636	-6.05766283333333E-9
20.075302	-6.0542745E-9
20.091969	-5.96810117E-9
20.108635	-5.93842616666667E-9
20.125302	-5.98175116666667E-9
20.141969	-6.02115561E-9
20.158635	-6.05896839E-9
20.175302	-6.15277672333333E-9
20.191968	-6.26215283333333E-9
20.208635	-6.28590728E-9
20.225302	-6.37508672E-9
20.241968	-6.44334616666667E-9
20.258635	-6.44236228E-9
20.275301	-6.42160727666667E-9
20.291968	-6.42911838666667E-9
20.308635	-6.40341172333333E-9
20.325302	-6.40506783333333E-9
20.341968	-6.44675505333333E-9
20.358635	-6.4432445E-9
20.375301	-6.52331283333333E-9
20.391968	-6.54787727666667E-9
20.408634	-6.51679839E-9
20.425301	-6.50088505666667E-9
20.441967	-6.54179783333333E-9
20.458634	-6.46799449666667E-9
20.475301	-6.37764505666667E-9
20.491968	-6.40815728E-9
20.508634	-6.45322339E-9
20.525301	-6.47173505333333E-9
20.541967	-6.54464394666667E-9
20.558634	-6.63748283333333E-9
20.5753	-6.74083061E-9
20.591966	-6.79449005333333E-9
20.608633	-6.76354894333333E-9
20.6253	-6.74000839E-9
20.641966	-6.73515227666667E-9
20.658633	-6.73716949666667E-9
20.6753	-6.69065227666667E-9
20.691967	-6.87309561333333E-9
20.708633	-6.87138339E-9
20.7253	-6.73480505666667E-9
20.741966	-6.66357894333333E-9
20.758633	-6.61321894666667E-9
20.7753	-6.57420227666667E-9
20.791966	-6.7899845E-9
20.808633	-6.86854006666667E-9
20.825299	-6.82374671333333E-9
20.841966	-6.73688005333333E-9
20.858633	-6.73709727666667E-9
20.875299	-6.80979615666667E-9
20.891966	-6.80639618E-9
20.908633	-6.75914338666667E-9
20.925299	-6.8574106E-9
20.941966	-6.89293838E-9
20.958633	-6.73424894666667E-9
20.975299	-6.66202395666667E-9
20.991966	-6.63648783333333E-9
21.008633	-6.7468834E-9
21.025299	-6.64643228E-9
21.041966	-6.5892584E-9
21.058632	-6.60746395666667E-9
21.075299	-6.68358227666667E-9
21.091965	-6.69022894666667E-9
21.108633	-6.72048229E-9
21.125299	-6.79361505666667E-9
21.141966	-6.90142062333333E-9
21.158632	-6.89670504666667E-9
21.175299	-6.98469617666667E-9
21.191966	-6.94336951E-9
21.208632	-6.94545395666667E-9
21.225299	-6.96552449E-9
21.241965	-6.92819337666667E-9
21.258632	-7.01396226666667E-9
21.275298	-7.01190783333333E-9
21.291965	-7.07902506666667E-9
21.308631	-7.18235951E-9
21.325298	-7.25301783333333E-9
21.341965	-7.19074505666667E-9
21.358632	-7.2908345E-9
21.375298	-7.3774495E-9
21.391965	-7.24639615666667E-9
21.408631	-7.21536615666667E-9
21.425298	-7.25589173333333E-9
21.441965	-7.37793893333333E-9
21.458631	-7.46930504666667E-9
21.475298	-7.52520895666667E-9
21.491964	-7.68801784333333E-9
21.508631	-7.75971172333333E-9
21.525297	-7.80906338666667E-9
21.541964	-7.83326061333333E-9
21.558631	-7.9229395E-9
21.575297	-7.91733283333333E-9
21.591965	-7.85190229E-9
21.60863	-7.91223393333333E-9
21.625297	-7.97366394333333E-9
21.641963	-7.91446726666667E-9
21.65863	-7.8814784E-9
21.675297	-7.95594951E-9
21.691963	-7.95695729E-9
21.70863	-7.98485505666667E-9
21.725296	-7.99433171E-9
21.741963	-8.03324562E-9
21.758629	-8.08204505666667E-9
21.775296	-8.08288728E-9
21.791963	-8.10657616666667E-9
21.808629	-8.0767056E-9
21.825295	-8.06813004333333E-9
21.841963	-8.08262784333333E-9
21.858629	-7.9076784E-9
21.875295	-7.87962782333333E-9
21.891962	-7.8143006E-9
21.908628	-7.79808171333333E-9
21.925295	-7.77486338E-9
21.941962	-7.74201006666667E-9
21.958628	-7.7958756E-9
21.975295	-7.83107395333333E-9
21.991962	-7.8033434E-9
22.008628	-7.80509726666667E-9
22.025295	-7.94943061E-9
22.041962	-8.03604837666667E-9
22.058628	-8.0928756E-9
22.075296	-8.17725451E-9
22.091962	-8.23422004333333E-9
22.108628	-8.23241395666667E-9
22.125295	-8.01619562333333E-9
22.141961	-8.3060184E-9
22.158628	-8.37699616666667E-9
22.175295	-8.32904951E-9
22.191961	-8.34183395666667E-9
22.208628	-8.3651645E-9
22.225295	-8.31114837666667E-9
22.241961	-8.19539672333333E-9
22.258628	-8.11926393333333E-9
22.275295	-8.08778837666667E-9
22.291961	-7.93923173333333E-9
22.308628	-7.92022451333333E-9
22.325295	-7.79398616666667E-9
22.341961	-7.41748062333333E-9
22.358628	-7.4843345E-9
22.375295	-7.62513562333333E-9
22.391961	-7.66974783333333E-9
22.408628	-7.67444171333333E-9
22.425294	-7.84173727666667E-9
22.441961	-7.87585173333333E-9
22.458628	-7.85389393333333E-9
22.475295	-7.85980727666667E-9
22.491961	-7.77142616666667E-9
22.508628	-7.5955606E-9
22.525294	-7.60958227666667E-9
22.541961	-7.5910245E-9
22.558628	-7.52287226666667E-9
22.575294	-7.49738783333333E-9
22.591961	-7.51867227666667E-9
22.608627	-7.59512006666667E-9
22.625294	-7.6576484E-9
22.64196	-7.64368338666667E-9
22.658627	-7.73649726666667E-9
22.675293	-7.86107172E-9
22.69196	-7.7976495E-9
22.708626	-7.68351894333333E-9
22.725294	-7.91586006666667E-9
22.74196	-7.93835449E-9
22.758626	-7.82439616666667E-9
22.775294	-7.87494949E-9
22.79196	-7.71815062333333E-9
22.808626	-7.69624282333333E-9
22.825293	-7.64184895333333E-9
22.84196	-7.62273116666667E-9
22.858626	-7.6795984E-9
22.875293	-7.59598949E-9
22.89196	-7.51040671E-9
22.908626	-7.67578562E-9
22.925292	-7.7340556E-9
22.94196	-7.72188004333333E-9
22.958626	-7.87811394333333E-9
22.975292	-7.91905283333333E-9
22.991959	-7.77696006666667E-9
23.008625	-7.97464394666667E-9
23.025293	-8.11503282E-9
23.041959	-8.19017949E-9
23.058626	-8.17317838666667E-9
23.075292	-8.01473504333333E-9
23.091959	-7.98764337666667E-9
23.108625	-8.01276448666667E-9
23.125292	-8.06283672333333E-9
23.141958	-7.88911338666667E-9
23.158625	-7.84549784333333E-9
23.175291	-7.93603617666667E-9
23.191958	-7.87830337666667E-9
23.208625	-7.83760117666667E-9
23.225291	-7.83439616666667E-9
23.241958	-7.98823616666667E-9
23.258624	-8.0929395E-9
23.275291	-8.01757226666667E-9
23.291957	-7.96621283333333E-9
23.308625	-8.23958173333333E-9
23.325291	-8.17477061E-9
23.341958	-7.9885306E-9
23.358624	-8.16654394333333E-9
23.375291	-8.13865506666667E-9
23.391958	-8.09363228666667E-9
23.408624	-7.92839504333333E-9
23.425291	-8.03991116666667E-9
23.441957	-8.02583229E-9
23.458624	-7.95608005333333E-9
23.475291	-7.97391782333333E-9
23.491958	-8.02480229E-9
23.508624	-8.01001282333333E-9
23.525291	-8.11788451E-9
23.541957	-8.23622727666667E-9
23.558624	-8.29855838666667E-9
23.575291	-8.25809671E-9
23.591957	-8.34668616666667E-9
23.608624	-8.35407118E-9
23.625291	-8.24573727666667E-9
23.641957	-8.20048227666667E-9
23.658624	-8.23728226666667E-9
23.675291	-8.17202671333333E-9
23.691957	-8.00720062333333E-9
23.708624	-8.0324845E-9
23.725291	-8.00540673333333E-9
23.741957	-7.9758234E-9
23.758624	-8.01865172E-9
23.77529	-7.92483228666667E-9
23.791957	-7.95850784333333E-9
23.808624	-7.90029394333333E-9
23.82529	-7.86161173333333E-9
23.841957	-7.82464005666667E-9
23.858623	-7.8319806E-9
23.875291	-7.86308062333333E-9
23.891956	-7.88682506666667E-9
23.908623	-7.90313004333333E-9
23.92529	-7.87952228E-9
23.941956	-7.8601356E-9
23.958623	-7.84277337666667E-9
23.975289	-7.88358727666667E-9
23.991956	-7.89527284333333E-9
