359       8.744028  9.08114883e-09 -9.48597282e-10  2.43836816e-09  9.25996801e-09
359       8.760693  9.49913050e-09 -7.57461282e-10  2.86545882e-09  9.73110967e-09
359       8.777361  9.56368550e-09 -7.10658615e-10  3.12460732e-09  9.82679301e-09
359       8.794028  9.58754383e-09 -6.37783948e-10  3.02681016e-09  9.84182134e-09
359       8.810694  9.74865217e-09 -5.96005615e-10  2.87406649e-09  9.98561464e-09
359       8.827361  1.00264105e-08 -5.09778115e-10  2.72913416e-09  1.02477096e-08
359       8.844027  9.97771050e-09 -6.19358615e-10  2.60974982e-09  1.01816180e-08
359       8.860694  1.00076922e-08 -6.38416782e-10  2.47283766e-09  1.01948846e-08
359       8.877361  1.01213522e-08 -7.01599615e-10  2.27150332e-09  1.02821796e-08
359       8.894028  1.04178205e-08 -7.65928782e-10  2.12620766e-09  1.05573780e-08
359       8.910694  1.07127588e-08 -7.99759615e-10  2.00081916e-09  1.08344546e-08
359       8.927361  1.08062422e-08 -8.43666948e-10  1.92429499e-09  1.09168230e-08
359       8.944027  1.09745138e-08 -9.42601283e-10  1.56274532e-09  1.10385480e-08
359       8.960694  1.10366038e-08 -1.03522962e-09  1.30709382e-09  1.10673263e-08
359       8.977360  1.12294105e-08 -1.03262112e-09  1.24798099e-09  1.12519863e-08
359       8.994028  1.13726555e-08 -9.43982949e-10  1.13602016e-09  1.13844546e-08
359       9.010694  1.15223372e-08 -9.74289950e-10  1.13319966e-09  1.15316230e-08
359       9.027360  1.16712588e-08 -9.38784282e-10  1.20323766e-09  1.16888096e-08
359       9.044027  1.19587272e-08 -9.62461616e-10  1.07575649e-09  1.19585946e-08
359       9.060693  1.21710255e-08 -1.00261162e-09  1.05579916e-09  1.21655863e-08
359       9.077360  1.22582338e-08 -9.91480617e-10  9.52168492e-10  1.22405913e-08
359       9.094027  1.25877222e-08 -9.92631284e-10  9.49157826e-10  1.25672813e-08
359       9.110693  1.29173638e-08 -9.39493616e-10  9.90108825e-10  1.29011430e-08
359       9.127360  1.31473955e-08 -1.01748745e-09  9.69593325e-10  1.31243163e-08
359       9.144026  1.32809438e-08 -1.01065645e-09  1.11872116e-09  1.32743296e-08
359       9.160693  1.36383838e-08 -1.09481845e-09  1.04913149e-09  1.36180863e-08
359       9.177359  1.38641772e-08 -1.15506662e-09  9.82325492e-10  1.38323380e-08
359       9.194026  1.41928122e-08 -1.18900945e-09  1.11133949e-09  1.41722280e-08
359       9.210693  1.44590655e-08 -1.18291145e-09  1.17020816e-09  1.44435396e-08
359       9.227360  1.47061638e-08 -1.29954879e-09  1.19620299e-09  1.46876096e-08
359       9.244026  1.51756122e-08 -1.36123979e-09  1.33579049e-09  1.51675046e-08
359       9.260693  1.56656605e-08 -1.31639129e-09  1.25829782e-09  1.56466296e-08
359       9.277359  1.59431672e-08 -1.27345862e-09  1.27422532e-09  1.59254996e-08
359       9.294026  1.61659238e-08 -1.20230879e-09  1.32547432e-09  1.61550963e-08
359       9.310691  1.65204972e-08 -1.04261745e-09  1.18768882e-09  1.64969230e-08
359       9.327359  1.72203888e-08 -6.85461449e-10  1.19041016e-09  1.72048863e-08
359       9.344025  1.78373472e-08 -5.58266782e-10  1.07960132e-09  1.78091130e-08
359       9.360693  1.80602272e-08 -3.44160615e-10  9.78521992e-10  1.80264080e-08
359       9.377359  1.79436705e-08 -3.09540948e-10  7.26161826e-10  1.78828346e-08
359       9.394026  1.80012288e-08 -5.66603115e-10  4.32341660e-10  1.78967830e-08
359       9.410691  1.78454205e-08 -3.46391782e-10  2.53538493e-10  1.77294363e-08
359       9.427358  1.77404188e-08 -3.57724448e-10  9.50398265e-11  1.76065013e-08
359       9.444025  1.80986122e-08 -3.66358115e-10  4.55459933e-11  1.79560480e-08
359       9.460691  1.95322022e-08 -3.13114115e-10  1.54032660e-10  1.93935613e-08
359       9.477358  1.99935155e-08 -2.59351948e-10  2.51096160e-10  1.98646380e-08
359       9.494025  2.00851338e-08 -1.48357948e-10  2.63773493e-10  1.99610380e-08
359       9.510691  2.09528038e-08  2.16846718e-10  4.31274493e-10  2.08548630e-08
359       9.527358  2.09103505e-08  7.68268218e-10  7.06406826e-10  2.08643830e-08
359       9.544025  2.07600555e-08  6.17723552e-10  6.53675493e-10  2.07036646e-08
359       9.560691  2.09743222e-08  2.80599218e-10  6.19745160e-10  2.09002730e-08
359       9.577358  2.13381605e-08  2.32407052e-10  7.99944493e-10  2.12805030e-08
359       9.594024  2.14439288e-08  3.11429718e-10  7.88848160e-10  2.13870563e-08
359       9.610691  2.17884722e-08  3.40818885e-10  8.24758993e-10  2.17342813e-08
359       9.627358  2.20603905e-08  3.01278718e-10  9.98771825e-10  2.20228563e-08
359       9.644024  2.21289588e-08  2.30237052e-10  9.97795658e-10  2.20882446e-08
359       9.660691  2.23836755e-08  1.92038385e-10  9.78181658e-10  2.23374563e-08
359       9.677357  2.26623105e-08  1.02715052e-10  1.04758949e-09  2.26188296e-08
359       9.694024  2.28579855e-08  6.32635514e-11  9.05491326e-10  2.27952446e-08
359       9.710691  2.30531455e-08 -2.57526153e-11  8.76510659e-10  2.29824146e-08
359       9.727358  2.33075338e-08 -1.86324948e-10  7.78501160e-10  2.32178280e-08
359       9.744024  2.35553922e-08 -2.64342115e-10  1.20658899e-09  2.35104580e-08
359       9.760690  2.38640422e-08 -3.05486448e-10  1.53019216e-09  2.38527096e-08
359       9.777357  2.41994222e-08 -4.59713448e-10  1.49650749e-09  2.41761730e-08
359       9.794024  2.44140105e-08 -5.53402282e-10  1.63897949e-09  2.44022463e-08
359       9.810690  2.47778172e-08 -6.33900948e-10  1.68101016e-09  2.47653313e-08
359       9.827357  2.50076705e-08 -7.23687282e-10  1.78281999e-09  2.50020046e-08
359       9.844023  2.52387405e-08 -8.62225782e-10  1.88724499e-09  2.52384380e-08
359       9.860690  2.56567588e-08 -1.09596429e-09  1.94826266e-09  2.56519930e-08
359       9.877357  2.60237822e-08 -1.28403662e-09  1.92333516e-09  2.60066713e-08
359       9.894024  2.62791588e-08 -1.37438479e-09  1.83052316e-09  2.62462080e-08
359       9.910690  2.62928255e-08 -1.30322262e-09  1.89382699e-09  2.62696463e-08
359       9.927357  2.64840405e-08 -1.48653712e-09  1.96537116e-09  2.64611013e-08
359       9.944023  2.67505288e-08 -1.60271745e-09  1.98891766e-09  2.67241596e-08
359       9.960690  2.68713388e-08 -1.68080295e-09  2.05625649e-09  2.68490480e-08
359       9.977356  2.68692655e-08 -1.77362279e-09  1.96929299e-09  2.68335996e-08
359       9.994023  2.71634172e-08 -1.87208779e-09  1.86865432e-09  2.71104246e-08
359      10.010689  2.74323272e-08 -1.91790395e-09  2.05893216e-09  2.73976830e-08
359      10.027356  2.74748205e-08 -2.02145962e-09  2.12037066e-09  2.74432146e-08
359      10.044023  2.75802005e-08 -2.11192779e-09  1.88076349e-09  2.75169013e-08
359      10.060690  2.78828555e-08 -2.15206795e-09  2.01821816e-09  2.78317630e-08
359      10.077357  2.80932238e-08 -2.22062162e-09  2.23098999e-09  2.80626746e-08
359      10.094023  2.82888972e-08 -2.34226762e-09  2.26234649e-09  2.82561430e-08
359      10.110690  2.82099638e-08 -2.44475562e-09  2.49294966e-09  2.82007213e-08
359      10.127357  2.79234305e-08 -2.40713245e-09  2.50933782e-09  2.79195330e-08
359      10.144024  2.79734588e-08 -2.60092145e-09  2.16124182e-09  2.79220380e-08
359      10.160690  2.77617355e-08 -2.59760362e-09  1.93651649e-09  2.76860613e-08
359      10.177356  2.75436255e-08 -2.69819062e-09  1.63176749e-09  2.74307513e-08
359      10.194023  2.76452138e-08 -2.73292779e-09  1.64149232e-09  2.75314563e-08
359      10.210689  2.79565722e-08 -2.80315429e-09  1.69167916e-09  2.78437880e-08
359      10.227356  2.81632522e-08 -2.88134195e-09  1.75944916e-09  2.80539713e-08
359      10.244023  2.83678088e-08 -2.93760045e-09  1.97256216e-09  2.82795880e-08
359      10.260690  2.86315655e-08 -2.98047162e-09  1.79207032e-09  2.85190363e-08
359      10.277356  2.89633172e-08 -2.95804679e-09  1.82750832e-09  2.88532646e-08
359      10.294023  2.91610505e-08 -2.97907112e-09  2.03753149e-09  2.90730080e-08
359      10.310690  2.94362405e-08 -3.04591212e-09  1.88396116e-09  2.93260580e-08
359      10.327356  2.98271305e-08 -3.11842112e-09  1.98339399e-09  2.97229446e-08
359      10.344023  3.01055222e-08 -3.18514929e-09  2.05357282e-09  3.00049880e-08
359      10.360690  3.02977038e-08 -3.23423445e-09  2.10647799e-09  3.02001013e-08
359      10.377356  3.05342805e-08 -3.29995729e-09  2.23915282e-09  3.04478946e-08
359      10.394022  3.06549172e-08 -3.39510312e-09  2.62533232e-09  3.06087780e-08
359      10.410690  3.08647555e-08 -3.42230562e-09  2.38313449e-09  3.07881430e-08
359      10.427356  3.10035522e-08 -3.49639195e-09  1.86538799e-09  3.08634996e-08
359      10.444022  3.09846955e-08 -3.67057829e-09  1.79391316e-09  3.08302763e-08
359      10.460689  3.11498388e-08 -3.74742845e-09  1.90336966e-09  3.10040663e-08
359      10.477356  3.15443422e-08 -3.86389062e-09  2.07740749e-09  3.14115730e-08
359      10.494023  3.19846972e-08 -3.93910545e-09  2.05078099e-09  3.18429196e-08
359      10.510689  3.21849722e-08 -4.03379345e-09  2.36875416e-09  3.20750096e-08
359      10.527355  3.25865438e-08 -4.24257679e-09  2.19981516e-09  3.24466313e-08
359      10.544022  3.30114238e-08 -4.27516562e-09  2.75494232e-09  3.29312863e-08
359      10.560689  3.33493422e-08 -4.27843712e-09  2.97125016e-09  3.32915780e-08
359      10.577355  3.36139122e-08 -4.37905812e-09  2.85727766e-09  3.35374263e-08
359      10.594022  3.37155188e-08 -4.52967629e-09  3.05319732e-09  3.36554846e-08
359      10.610688  3.39866372e-08 -4.66194895e-09  2.96226832e-09  3.39093596e-08
359      10.627355  3.41543005e-08 -4.79013762e-09  2.62554499e-09  3.40323246e-08
359      10.644022  3.45100822e-08 -4.79570862e-09  2.82591032e-09  3.44084146e-08
359      10.660688  3.46083038e-08 -4.97920195e-09  2.94385266e-09  3.45129313e-08
359      10.677355  3.45578005e-08 -5.16490279e-09  2.95167049e-09  3.44570180e-08
359      10.694021  3.44200055e-08 -5.24270295e-09  2.71395232e-09  3.42900013e-08
359      10.710688  3.45150822e-08 -5.28689579e-09  2.55683082e-09  3.43646646e-08
359      10.727355  3.45774838e-08 -5.47462912e-09  2.34185899e-09  3.43950480e-08
359      10.744021  3.46238755e-08 -5.63194179e-09  2.41849482e-09  3.44442846e-08
359      10.760687  3.48959588e-08 -5.74064695e-09  2.23957149e-09  3.46898180e-08
359      10.777354  3.52916055e-08 -5.85975812e-09  2.26904016e-09  3.50816880e-08
359      10.794021  3.56033138e-08 -6.05398912e-09  2.15486149e-09  3.53709596e-08
359      10.810687  3.55912888e-08 -6.13799545e-09  2.20244099e-09  3.53614946e-08
359      10.827354  3.57911222e-08 -6.15860162e-09  2.43411766e-09  3.55858463e-08
359      10.844021  3.61251022e-08 -6.29148529e-09  2.46488116e-09  3.59161530e-08
359      10.860688  3.73388472e-08 -6.81474979e-09  2.42667666e-09  3.70978046e-08
359      10.877353  3.78802605e-08 -6.95927112e-09  2.49041066e-09  3.76374080e-08
359      10.894020  3.82656822e-08 -7.02715579e-09  2.64490316e-09  3.80353963e-08
359      10.910687  3.87306505e-08 -7.16679395e-09  2.04243382e-09  3.84224196e-08
359      10.927354  3.85925405e-08 -7.17012712e-09  2.38801132e-09  3.83250780e-08
359      10.944020  3.86180588e-08 -7.27488512e-09  2.12121066e-09  3.83158596e-08
359      10.960687  3.85039188e-08 -7.40554545e-09  1.70604182e-09  3.81499613e-08
359      10.977354  3.87518172e-08 -7.35066062e-09  1.47302299e-09  3.83711313e-08
359      10.994020  3.87654922e-08 -7.49544945e-09  1.48051466e-09  3.83803763e-08
359      11.010687  3.87748272e-08 -7.47439262e-09  1.48837316e-09  3.83913063e-08
359      11.027354  3.89560022e-08 -7.33670729e-09  9.28312158e-10  3.85114880e-08
359      11.044020  3.94263155e-08 -7.43592379e-09  1.19055099e-09  3.90050296e-08
359      11.060686  3.96475622e-08 -7.52958295e-09  1.14922749e-09  3.92165380e-08
359      11.077353  3.92755872e-08 -7.60161745e-09  7.22268660e-10  3.87954546e-08
359      11.094020  3.87106438e-08 -7.60503329e-09  3.37022160e-10  3.81900846e-08
359      11.110686  3.84652838e-08 -7.67881262e-09  4.08404932e-11  3.79097146e-08
359      11.127353  3.82704138e-08 -7.82223645e-09 -6.35306735e-11  3.76990863e-08
359      11.144019  3.80137272e-08 -7.97390629e-09 -3.13166734e-11  3.74425446e-08
359      11.160686  3.76739672e-08 -8.04406762e-09 -6.45331735e-11  3.70989163e-08
359      11.177353  3.75232122e-08 -8.12163395e-09 -2.23399174e-10  3.69281663e-08
359      11.194020  3.80641055e-08 -8.17945729e-09 -3.40866340e-10  3.74494846e-08
359      11.210686  3.85394522e-08 -8.00643379e-09 -6.63339007e-10  3.78903730e-08
359      11.227353  3.86416172e-08 -8.03554679e-09 -1.11422868e-09  3.79387496e-08
359      11.244020  3.84390638e-08 -8.12270779e-09 -1.04914101e-09  3.77420596e-08
359      11.260686  3.81357538e-08 -8.30995412e-09 -8.29716840e-10  3.74595430e-08
359      11.277352  3.79195305e-08 -8.47876079e-09 -9.59725175e-10  3.72238546e-08
359      11.294019  3.77956005e-08 -8.54784812e-09 -1.17682501e-09  3.70733246e-08
359      11.310686  3.74898238e-08 -8.72500095e-09 -1.59910318e-09  3.67147380e-08
359      11.327352  3.71577488e-08 -8.83775262e-09 -1.43167501e-09  3.64003430e-08
359      11.344019  3.68619138e-08 -8.91517012e-09 -1.56383034e-09  3.60886763e-08
359      11.360685  3.66183472e-08 -9.06511895e-09 -1.79260818e-09  3.58151280e-08
359      11.377353  3.65626588e-08 -9.11217512e-09 -1.81709101e-09  3.57553363e-08
359      11.394019  3.66200072e-08 -9.20701462e-09 -1.84206468e-09  3.58059813e-08
359      11.410686  3.69186405e-08 -9.29096029e-09 -1.62212001e-09  3.61247930e-08
359      11.427352  3.72396222e-08 -9.33375662e-09 -1.88861984e-09  3.64111546e-08
359      11.444019  3.75718972e-08 -9.31932029e-09 -1.95056451e-09  3.67343780e-08
359      11.460686  3.77245805e-08 -9.37254112e-09 -2.14272651e-09  3.68618796e-08
359      11.477352  3.78443438e-08 -9.35311929e-09 -2.19368101e-09  3.69755896e-08
359      11.494019  3.76885455e-08 -9.35346829e-09 -2.30370951e-09  3.68082430e-08
359      11.510686  3.77092522e-08 -9.38480095e-09 -2.44295084e-09  3.68116096e-08
359      11.527352  3.75745622e-08 -9.43266812e-09 -2.62535318e-09  3.66551713e-08
359      11.544019  3.74229405e-08 -9.33071395e-09 -2.83317634e-09  3.64843463e-08
359      11.560685  3.74596372e-08 -9.27078229e-09 -3.29756168e-09  3.64694080e-08
359      11.577352  3.74516405e-08 -9.23732812e-09 -3.54750701e-09  3.64338430e-08
359      11.594019  3.74351455e-08 -9.23647545e-09 -3.71162451e-09  3.63986013e-08
359      11.610686  3.73418905e-08 -9.33581745e-09 -3.75730384e-09  3.62972013e-08
359      11.627352  3.70514372e-08 -9.10229145e-09 -4.13083418e-09  3.59741880e-08
359      11.644019  3.71511705e-08 -9.00020545e-09 -4.14216601e-09  3.60755580e-08
359      11.660686  3.69831255e-08 -8.94829262e-09 -4.51440834e-09  3.58676980e-08
359      11.677352  3.66165888e-08 -8.87778629e-09 -4.67260534e-09  3.54881463e-08
359      11.694018  3.63692772e-08 -8.85682129e-09 -4.75569484e-09  3.52338230e-08
359      11.710685  3.62563122e-08 -8.76963212e-09 -4.80076734e-09  3.51196096e-08
359      11.727352  3.60530438e-08 -8.70595529e-09 -4.96472901e-09  3.49012230e-08
359      11.744019  3.60468572e-08 -8.69277729e-09 -4.97427934e-09  3.48944546e-08
359      11.760685  3.60501238e-08 -8.60528295e-09 -4.82383368e-09  3.49181663e-08
359      11.777352  3.60075305e-08 -8.47810845e-09 -4.91217101e-09  3.48702830e-08
359      11.794018  3.58132305e-08 -8.41331212e-09 -4.89280401e-09  3.46819380e-08
359      11.810685  3.56182155e-08 -8.27814929e-09 -4.84014634e-09  3.44992796e-08
359      11.827352  3.56195455e-08 -8.20801312e-09 -4.95217084e-09  3.44902163e-08
359      11.844018  3.55300738e-08 -7.99519345e-09 -5.05687168e-09  3.43969596e-08
359      11.860685  3.55900638e-08 -7.99593679e-09 -5.10944668e-09  3.44504280e-08
359      11.877351  3.53875438e-08 -7.92256512e-09 -5.24484184e-09  3.42364246e-08
359      11.894017  3.53160388e-08 -7.83360395e-09 -5.32439501e-09  3.41594713e-08
359      11.910685  3.51665038e-08 -7.86142645e-09 -5.53460084e-09  3.39858180e-08
359      11.927351  3.49169772e-08 -7.86838345e-09 -5.44679301e-09  3.37479780e-08
359      11.944017  3.47303472e-08 -7.89614295e-09 -5.91170834e-09  3.35081446e-08
359      11.960685  3.46021022e-08 -7.88287845e-09 -6.15425284e-09  3.33533780e-08
359      11.977351  3.45367855e-08 -7.93162862e-09 -6.37180134e-09  3.32617313e-08
359      11.994017  3.44701605e-08 -7.85012145e-09 -6.50294451e-09  3.31834046e-08
359      12.010683  3.43689938e-08 -7.84891312e-09 -6.33529718e-09  3.31023346e-08
359      12.027351  3.41768222e-08 -7.82768479e-09 -6.65709701e-09  3.28752630e-08
359      12.044017  3.40025405e-08 -7.62803079e-09 -6.85983384e-09  3.26860713e-08
359      12.060684  3.40085455e-08 -7.65668095e-09 -7.19773484e-09  3.26520680e-08
359      12.077350  3.39167472e-08 -7.56688979e-09 -7.00862951e-09  3.25859646e-08
359      12.094016  3.36996522e-08 -7.45009995e-09 -7.00548751e-09  3.23750013e-08
359      12.110684  3.34726838e-08 -7.43982012e-09 -7.38123451e-09  3.21067830e-08
359      12.127350  3.35444355e-08 -7.29352345e-09 -7.46022168e-09  3.21741713e-08
359      12.144016  3.34376222e-08 -7.37756995e-09 -7.60215651e-09  3.20487696e-08
359      12.160683  3.34565505e-08 -7.31896979e-09 -8.07816351e-09  3.20148530e-08
359      12.177350  3.32883038e-08 -7.23684645e-09 -8.09903618e-09  3.18483663e-08
359      12.194017  3.31954922e-08 -7.19912329e-09 -8.13048601e-09  3.17539713e-08
359      12.210683  3.30721538e-08 -7.08633779e-09 -8.25035784e-09  3.16217780e-08
359      12.227350  3.30775338e-08 -6.92875179e-09 -8.62066984e-09  3.15901446e-08
359      12.244016  3.28423788e-08 -6.87587479e-09 -8.70672418e-09  3.13486946e-08
359      12.260683  3.29203605e-08 -6.86503712e-09 -8.92418568e-09  3.14014480e-08
359      12.277350  3.28223172e-08 -6.87578429e-09 -8.99328634e-09  3.12957846e-08
359      12.294016  3.29507855e-08 -6.93961579e-09 -8.95615068e-09  3.14252963e-08
359      12.310682  3.28553138e-08 -6.90351995e-09 -9.22706818e-09  3.13006346e-08
359      12.327349  3.28733238e-08 -6.84276912e-09 -9.05670384e-09  3.13402996e-08
359      12.344016  3.28775288e-08 -6.91807262e-09 -9.63851418e-09  3.12748063e-08
359      12.360682  3.27316055e-08 -6.91911629e-09 -9.67804001e-09  3.11253513e-08
359      12.377349  3.26698038e-08 -6.89035945e-09 -9.93593551e-09  3.10353396e-08
359      12.394016  3.25369288e-08 -6.87432012e-09 -9.89348034e-09  3.09089096e-08
359      12.410682  3.23764805e-08 -6.86032595e-09 -9.87030384e-09  3.07527863e-08
359      12.427349  3.22846022e-08 -6.84847179e-09 -1.00753287e-08  3.06384230e-08
359      12.444016  3.23039972e-08 -6.89304845e-09 -1.07236668e-08  3.05814463e-08
359      12.460682  3.23052122e-08 -6.83314479e-09 -1.06118225e-08  3.05976713e-08
359      12.477348  3.22921172e-08 -6.80214962e-09 -1.05108985e-08  3.05973946e-08
359      12.494016  3.23359805e-08 -6.86099862e-09 -1.07320265e-08  3.06133713e-08
359      12.510682  3.21397755e-08 -6.83178712e-09 -1.08028527e-08  3.04114963e-08
359      12.527349  3.19840155e-08 -6.89953662e-09 -1.10312093e-08  3.02281613e-08
359      12.544015  3.18889338e-08 -6.91138595e-09 -1.12329237e-08  3.01101313e-08
359      12.560682  3.18417822e-08 -6.86308712e-09 -1.16821485e-08  3.00133730e-08
359      12.577348  3.17867338e-08 -6.89003595e-09 -1.18530642e-08  2.99380780e-08
359      12.594015  3.16534272e-08 -6.85382479e-09 -1.22702932e-08  2.97590546e-08
359      12.610682  3.15365588e-08 -6.79580895e-09 -1.20506015e-08  2.96703946e-08
359      12.627348  3.14260855e-08 -6.71727362e-09 -1.21992025e-08  2.95464496e-08
359      12.644015  3.13634188e-08 -6.68366279e-09 -1.24445765e-08  2.94572046e-08
359      12.660682  3.10221122e-08 -6.64490279e-09 -1.29448265e-08  2.90622163e-08
359      12.677348  3.06749005e-08 -6.47786595e-09 -1.31536795e-08  2.86995146e-08
359      12.694015  3.03772122e-08 -6.43424879e-09 -1.35892203e-08  2.83554663e-08
359      12.710682  3.03165272e-08 -6.44389679e-09 -1.40452200e-08  2.82424213e-08
359      12.727348  3.02610005e-08 -6.38337162e-09 -1.43393913e-08  2.81556463e-08
359      12.744015  3.00989155e-08 -6.41579645e-09 -1.41538393e-08  2.80149163e-08
359      12.760682  2.98453188e-08 -6.41772279e-09 -1.46101817e-08  2.77106130e-08
359      12.777348  2.96278155e-08 -6.40106862e-09 -1.47707813e-08  2.74768196e-08
359      12.794015  2.95457872e-08 -6.44182812e-09 -1.50063910e-08  2.73668296e-08
359      12.810681  2.93460972e-08 -6.40039879e-09 -1.54253650e-08  2.71219046e-08
359      12.827348  2.90071155e-08 -6.40092412e-09 -1.55479072e-08  2.67712830e-08
359      12.844015  2.85614355e-08 -6.38696062e-09 -1.58242600e-08  2.62975813e-08
359      12.860682  2.81651422e-08 -6.41802179e-09 -1.59512008e-08  2.58884546e-08
359      12.877348  2.76843005e-08 -6.47505445e-09 -1.59947022e-08  2.54040646e-08
359      12.894015  2.73924722e-08 -6.46189679e-09 -1.61888652e-08  2.50925063e-08
359      12.910681  2.70025005e-08 -6.55217195e-09 -1.61583407e-08  2.47056446e-08
359      12.927348  2.66990088e-08 -6.58254429e-09 -1.62669780e-08  2.43907863e-08
359      12.944014  2.66932238e-08 -6.58818145e-09 -1.64181083e-08  2.43674580e-08
359      12.960682  2.66737772e-08 -6.76286095e-09 -1.65394498e-08  2.43279180e-08
359      12.977348  2.65368472e-08 -6.96072512e-09 -1.65818278e-08  2.41800030e-08
359      12.994014  2.65358305e-08 -7.12254829e-09 -1.65784450e-08  2.41735746e-08
359      13.010681  2.66273355e-08 -7.28648729e-09 -1.66331080e-08  2.42522430e-08
359      13.027348  2.65618422e-08 -7.40924995e-09 -1.65161152e-08  2.41962680e-08
359      13.044014  2.66109688e-08 -7.58143279e-09 -1.68310600e-08  2.42026446e-08
359      13.060681  2.67997405e-08 -7.77221695e-09 -1.67644080e-08  2.43908496e-08
359      13.077348  2.70230372e-08 -8.02236579e-09 -1.66516947e-08  2.46165013e-08
359      13.094015  2.71833038e-08 -8.16025179e-09 -1.63212403e-08  2.48086446e-08
359      13.110681  2.71653355e-08 -8.34801762e-09 -1.61657702e-08  2.48019430e-08
359      13.127348  2.70378172e-08 -8.51732395e-09 -1.64749203e-08  2.46337263e-08
359      13.144014  2.67647005e-08 -8.62085512e-09 -1.68322597e-08  2.43178030e-08
359      13.160681  2.63677305e-08 -8.74062395e-09 -1.69586337e-08  2.39049030e-08
359      13.177347  2.64026155e-08 -8.68046379e-09 -1.85943842e-08  2.37536930e-08
359      13.194014  2.60115855e-08 -9.10168245e-09 -1.74573392e-08  2.34810596e-08
359      13.210681  2.59585605e-08 -9.18073095e-09 -1.76578995e-08  2.34025313e-08
359      13.227347  2.56501922e-08 -9.25583045e-09 -1.77801020e-08  2.30796630e-08
359      13.244013  2.53318722e-08 -9.33888012e-09 -1.79467213e-08  2.27415430e-08
359      13.260680  2.52833572e-08 -9.39875029e-09 -1.79654125e-08  2.26890763e-08
359      13.277347  2.53757172e-08 -9.51120495e-09 -1.79382388e-08  2.27798563e-08
359      13.294014  2.54406655e-08 -9.57563129e-09 -1.77415167e-08  2.28646230e-08
359      13.310680  2.52740405e-08 -9.66783545e-09 -1.77199302e-08  2.26983930e-08
359      13.327346  2.50953638e-08 -9.80109579e-09 -1.77457542e-08  2.25132630e-08
359      13.344013  2.51166072e-08 -9.87572229e-09 -1.78247848e-08  2.25225896e-08
359      13.360680  2.51276822e-08 -9.97000845e-09 -1.78688102e-08  2.25251513e-08
359      13.377346  2.51180022e-08 -1.01091509e-08 -1.78053385e-08  2.25178530e-08
359      13.394013  2.50705488e-08 -1.01551686e-08 -1.77118150e-08  2.24798330e-08
359      13.410679  2.49237038e-08 -1.02934318e-08 -1.74933178e-08  2.23542196e-08
359      13.427346  2.47801705e-08 -1.04129808e-08 -1.77696987e-08  2.21756746e-08
359      13.444013  2.44570138e-08 -1.04871088e-08 -1.78526430e-08  2.18426796e-08
359      13.460679  2.41903938e-08 -1.05175419e-08 -1.79590367e-08  2.15646780e-08
359      13.477345  2.43266972e-08 -1.05890643e-08 -1.81090665e-08  2.16801863e-08
359      13.494013  2.45691038e-08 -1.06226001e-08 -1.77073900e-08  2.19658063e-08
359      13.510678  2.43550522e-08 -1.07088323e-08 -1.76215825e-08  2.17600813e-08
359      13.527345  2.41308238e-08 -1.09467869e-08 -1.78980980e-08  2.14971663e-08
359      13.544012  2.41232838e-08 -1.09433589e-08 -1.79870595e-08  2.14795780e-08
359      13.560678  2.38720638e-08 -1.09575329e-08 -1.82653033e-08  2.11976946e-08
359      13.577345  2.35996838e-08 -1.10014283e-08 -1.80346857e-08  2.09522296e-08
359      13.594012  2.32926972e-08 -1.10987541e-08 -1.82787707e-08  2.06159313e-08
359      13.610678  2.30427672e-08 -1.10850816e-08 -1.86186865e-08  2.03292496e-08
359      13.627345  2.28294805e-08 -1.11303388e-08 -1.89390142e-08  2.00790796e-08
359      13.644012  2.25583522e-08 -1.12085109e-08 -1.88494890e-08  1.98174013e-08
359      13.660678  2.23484938e-08 -1.12521278e-08 -1.88765873e-08  1.96044013e-08
359      13.677345  2.22050538e-08 -1.13189724e-08 -1.92325260e-08  1.94186880e-08
359      13.694012  2.18830805e-08 -1.13647478e-08 -1.90596353e-08  1.91172930e-08
359      13.710678  2.15207572e-08 -1.15161278e-08 -1.95309618e-08  1.86980230e-08
359      13.727345  2.10389655e-08 -1.16459691e-08 -1.95140328e-08  1.82170296e-08
359      13.744011  2.08263805e-08 -1.18375323e-08 -1.97609388e-08  1.79707496e-08
359      13.760678  2.04884222e-08 -1.19177723e-08 -2.02356978e-08  1.75778246e-08
359      13.777345  2.01783305e-08 -1.20587759e-08 -2.01188367e-08  1.72783596e-08
359      13.794011  2.01401605e-08 -1.21422109e-08 -1.97015075e-08  1.72854313e-08
359      13.810677  2.03004055e-08 -1.21718033e-08 -1.95001497e-08  1.74666063e-08
359      13.827344  2.03265338e-08 -1.22692448e-08 -1.92074488e-08  1.75226980e-08
359      13.844011  2.04038788e-08 -1.23818786e-08 -1.89660915e-08  1.76231680e-08
359      13.860677  2.04828672e-08 -1.25085834e-08 -1.90131032e-08  1.76916530e-08
359      13.877344  2.04344222e-08 -1.24693613e-08 -1.93160400e-08  1.76101413e-08
359      13.894011  2.04229588e-08 -1.25573943e-08 -1.91150987e-08  1.76187113e-08
359      13.910677  2.02328805e-08 -1.26608401e-08 -1.94954067e-08  1.73826063e-08
359      13.927344  1.95864822e-08 -1.22875066e-08 -2.06942707e-08  1.66165446e-08
359      13.944011  1.85452122e-08 -1.27882201e-08 -2.03565138e-08  1.56036996e-08
359      13.960677  1.73044138e-08 -1.29439839e-08 -2.12046792e-08  1.42688930e-08
359      13.977344  1.63490905e-08 -1.31418009e-08 -2.12657773e-08  1.33064063e-08
359      13.994011  1.57103655e-08 -1.31880971e-08 -2.17223758e-08  1.26182063e-08
359      14.010677  1.54583838e-08 -1.33670801e-08 -2.17257493e-08  1.23612680e-08
359      14.027344  1.57736605e-08 -1.34142599e-08 -2.13644492e-08  1.27140830e-08
359      14.044010  1.57199355e-08 -1.35035248e-08 -2.13704637e-08  1.26568546e-08
359      14.060677  1.57407772e-08 -1.36166223e-08 -2.15253197e-08  1.26557096e-08
359      14.077344  1.58347722e-08 -1.38056844e-08 -2.13216650e-08  1.27656563e-08
359      14.094010  1.55576138e-08 -1.39110073e-08 -2.12430182e-08  1.24957696e-08
359      14.110677  1.52218805e-08 -1.38101513e-08 -2.10061873e-08  1.21933030e-08
359      14.127343  1.48860205e-08 -1.39838956e-08 -2.11945612e-08  1.18320163e-08
359      14.144011  1.42688822e-08 -1.40839919e-08 -2.14370763e-08  1.11879246e-08
359      14.160677  1.39591605e-08 -1.41260036e-08 -2.14671473e-08  1.08755030e-08
359      14.177343  1.40905555e-08 -1.41449719e-08 -2.17008180e-08  1.09784146e-08
359      14.194010  1.45204422e-08 -1.45473924e-08 -2.20691488e-08  1.13485430e-08
359      14.210677  1.33132138e-08 -1.41050483e-08 -2.12649160e-08  1.02582363e-08
359      14.227343  1.29365788e-08 -1.40880924e-08 -2.14767723e-08  9.86059467e-09
359      14.244010  1.28057072e-08 -1.42346401e-08 -2.16401377e-08  9.70667134e-09
359      14.260676  1.24601122e-08 -1.42498524e-08 -2.15544473e-08  9.37287801e-09
359      14.277343  1.21137205e-08 -1.42190131e-08 -2.16495642e-08  9.01917801e-09
359      14.294010  1.18922872e-08 -1.41913323e-08 -2.15086547e-08  8.81653301e-09
359      14.310676  1.16701788e-08 -1.41678801e-08 -2.18563333e-08  8.55693967e-09
359      14.327344  1.14606405e-08 -1.42628203e-08 -2.17922895e-08  8.35287801e-09
359      14.344010  1.13148022e-08 -1.44089698e-08 -2.16527788e-08  8.21891301e-09
359      14.360677  1.10606322e-08 -1.44505516e-08 -2.19024647e-08  7.93640967e-09
359      14.377344  1.08646005e-08 -1.45701183e-08 -2.17651608e-08  7.75330301e-09
359      14.394010  1.03591105e-08 -1.46391356e-08 -2.17571210e-08  7.24993634e-09
359      14.410676  1.00757922e-08 -1.47029494e-08 -2.15257387e-08  6.99298467e-09
359      14.427342  9.96282217e-09 -1.48627361e-08 -2.18406762e-08  6.83894801e-09
359      14.444010  9.92403883e-09 -1.57034271e-08 -2.21122338e-08  6.73918967e-09
359      14.460676  9.56282217e-09 -1.59065923e-08 -2.18951147e-08  6.39828467e-09
359      14.477343  9.35364550e-09 -1.60863723e-08 -2.18139512e-08  6.19353967e-09
359      14.494010  8.76249883e-09 -1.62185921e-08 -2.18894842e-08  5.59328134e-09
359      14.510676  8.41488050e-09 -1.63033101e-08 -2.19614388e-08  5.23688967e-09
359      14.527342  8.13365883e-09 -1.63844276e-08 -2.19206365e-08  4.95951301e-09
359      14.544009  7.85481217e-09 -1.65169858e-08 -2.21006785e-08  4.65726967e-09
359      14.560675  7.36132050e-09 -1.64681533e-08 -2.18859877e-08  4.19377634e-09
359      14.577341  7.06704217e-09 -1.62782743e-08 -2.21058613e-08  3.88314967e-09
359      14.594008  6.91943383e-09 -1.63955106e-08 -2.21130755e-08  3.73159801e-09
359      14.610675  6.73224383e-09 -1.65135636e-08 -2.14149220e-08  3.62176634e-09
359      14.627342  6.55549883e-09 -1.66838658e-08 -2.15732362e-08  3.42203634e-09
359      14.644009  6.55366717e-09 -1.69398473e-08 -2.12795878e-08  3.44481967e-09
359      14.660675  6.22629717e-09 -1.70331873e-08 -2.10951703e-08  3.13768801e-09
359      14.677341  5.90416383e-09 -1.71157481e-08 -2.09435942e-08  2.83237301e-09
359      14.694008  5.33981883e-09 -1.71816894e-08 -2.09703625e-08  2.26668801e-09
359      14.710674  5.24254383e-09 -1.73166471e-08 -2.04314603e-08  2.22725134e-09
359      14.727341  5.13966717e-09 -1.74099244e-08 -2.02649318e-08  2.14093467e-09
359      14.744008  5.10172383e-09 -1.76453321e-08 -1.97664902e-08  2.15216134e-09
359      14.760675  5.17990883e-09 -1.76607363e-08 -1.95919060e-08  2.24929134e-09
359      14.777341  5.41372383e-09 -1.77773436e-08 -1.89766202e-08  2.54797967e-09
359      14.794008  5.52246717e-09 -1.78630826e-08 -1.84141185e-08  2.71754801e-09
359      14.810674  5.24334550e-09 -1.79662716e-08 -1.85937835e-08  2.41612301e-09
359      14.827340  5.38723717e-09 -1.79596846e-08 -1.82572475e-08  2.59789801e-09
359      14.844007  5.62530050e-09 -1.81046649e-08 -1.76582915e-08  2.89793801e-09
359      14.860674  5.44954883e-09 -1.82775798e-08 -1.77209155e-08  2.71008967e-09
359      14.877340  5.51276550e-09 -1.83259776e-08 -1.73499885e-08  2.81377634e-09
359      14.894007  5.16429217e-09 -1.83804186e-08 -1.72993080e-08  2.47173467e-09
359      14.910674  4.74857717e-09 -1.85405123e-08 -1.71653520e-08  2.06872967e-09
359      14.927340  4.56259217e-09 -1.86628836e-08 -1.69478468e-08  1.90476467e-09
359      14.944007  4.53290717e-09 -1.88063589e-08 -1.69150133e-08  1.87394301e-09
359      14.960673  4.61897883e-09 -1.89297148e-08 -1.63150928e-08  2.02401967e-09
359      14.977340  4.54592883e-09 -1.90374249e-08 -1.61613168e-08  1.96534801e-09
359      14.994007  4.32653050e-09 -1.91278151e-08 -1.62756047e-08  1.73115801e-09
359      15.010673  4.20050050e-09 -1.92453703e-08 -1.58491957e-08  1.65092134e-09
359      15.027340  4.11242383e-09 -1.94613753e-08 -1.52413895e-08  1.62571134e-09
359      15.044006  3.77805883e-09 -1.96066318e-08 -1.50025605e-08  1.31610467e-09
359      15.060673  3.32143717e-09 -1.97390034e-08 -1.53484372e-08  8.18274670e-10
359      15.077340  3.26299883e-09 -1.98724331e-08 -1.50372608e-08  7.91323003e-10
359      15.094006  3.38965217e-09 -1.99178708e-08 -1.46702060e-08  9.57669670e-10
359      15.110673  3.40131717e-09 -1.99572996e-08 -1.41666913e-08  1.02581134e-09
359      15.127340  3.50391383e-09 -2.00134644e-08 -1.39899180e-08  1.14599467e-09
359      15.144006  3.36091883e-09 -2.00149971e-08 -1.38145135e-08  1.02417134e-09
359      15.160673  3.09846050e-09 -2.01317893e-08 -1.36153087e-08  7.82398003e-10
359      15.177340  3.12722883e-09 -2.02419773e-08 -1.34351402e-08  8.27758003e-10
359      15.194007  2.78906550e-09 -2.03936959e-08 -1.28763172e-08  5.50994669e-10
359      15.210673  2.64494717e-09 -2.05693359e-08 -1.25881902e-08  4.34849669e-10
359      15.227339  3.12207550e-09 -2.06021906e-08 -1.17216095e-08  1.00710634e-09
359      15.244006  3.89371550e-09 -2.04389061e-08 -1.14836113e-08  1.80634301e-09
359      15.260673  4.58157217e-09 -2.02981156e-08 -1.06793763e-08  2.58681134e-09
359      15.277339  4.99040050e-09 -2.02387821e-08 -1.01059527e-08  3.06082634e-09
359      15.294006  5.53033217e-09 -2.02738506e-08 -9.47716684e-09  3.66799801e-09
359      15.310673  5.80911050e-09 -2.03260886e-08 -9.11622451e-09  3.98446801e-09
359      15.327339  5.95964050e-09 -2.04240234e-08 -8.87853568e-09  4.15778467e-09
359      15.344006  5.94027383e-09 -2.05130268e-08 -8.19820934e-09  4.21379134e-09
359      15.360673  6.47186717e-09 -2.05653786e-08 -9.36802451e-09  4.60489967e-09
359      15.377339  5.42800383e-09 -2.04970041e-08 -8.63878118e-09  3.65506134e-09
359      15.394006  5.25573550e-09 -2.06682671e-08 -8.47405018e-09  3.49694301e-09
359      15.410673  5.33690383e-09 -2.08094068e-08 -8.19669501e-09  3.60444134e-09
359      15.427339  5.19901050e-09 -2.09769901e-08 -8.05088668e-09  3.47839134e-09
359      15.444006  5.09006383e-09 -2.10131078e-08 -8.00172218e-09  3.37461634e-09
359      15.460672  5.37307717e-09 -2.10561139e-08 -7.60308801e-09  3.69996967e-09
359      15.477339  5.40797217e-09 -2.11635973e-08 -7.39639184e-09  3.75460301e-09
359      15.494005  5.34399383e-09 -2.13917004e-08 -7.24390684e-09  3.70053967e-09
359      15.510673  5.42612383e-09 -2.13772581e-08 -6.76837201e-09  3.83740467e-09
359      15.527339  5.44225883e-09 -2.13977706e-08 -6.49737534e-09  3.88392634e-09
359      15.544005  5.39562717e-09 -2.14664736e-08 -6.02810718e-09  3.88928801e-09
359      15.560672  5.30998550e-09 -2.15953539e-08 -6.55089151e-09  3.73942967e-09
359      15.577339  5.20765217e-09 -2.15139979e-08 -6.17387034e-09  3.68419134e-09
359      15.594006  5.09665717e-09 -2.16436204e-08 -6.26353068e-09  3.55905801e-09
359      15.610672  4.99858717e-09 -2.18063198e-08 -6.32562934e-09  3.44876634e-09
359      15.627338  4.86572550e-09 -2.18109216e-08 -5.98719768e-09  3.35572134e-09
359      15.644006  4.77934217e-09 -2.18136983e-08 -6.51221301e-09  3.20933801e-09
359      15.660672  4.67358883e-09 -2.18726799e-08 -6.64991418e-09  3.08638467e-09
359      15.677338  4.48108217e-09 -2.17650881e-08 -6.32830218e-09  2.93620301e-09
359      15.694005  4.29082050e-09 -2.17201783e-08 -6.38563368e-09  2.74229967e-09
359      15.710672  4.08958717e-09 -2.18500146e-08 -6.73017184e-09  2.49820134e-09
359      15.727338  3.95031050e-09 -2.18641938e-08 -6.54687534e-09  2.38057134e-09
359      15.744005  3.90986550e-09 -2.18988629e-08 -7.34649568e-09  2.24702801e-09
359      15.760672  3.76818050e-09 -2.18715316e-08 -7.14033184e-09  2.13109967e-09
359      15.777338  3.61584217e-09 -2.17458621e-08 -7.25038318e-09  1.97167134e-09
359      15.794005  3.30734217e-09 -2.15925483e-08 -7.42748651e-09  1.65046467e-09
359      15.810671  3.23750550e-09 -2.15380798e-08 -7.70775701e-09  1.55077301e-09
359      15.827337  3.07184383e-09 -2.16632148e-08 -7.44567251e-09  1.41207634e-09
359      15.844004  3.22879217e-09 -2.12599198e-08 -7.44286801e-09  1.58255467e-09
359      15.860671  3.38306383e-09 -2.10607426e-08 -6.84588068e-09  1.81159467e-09
359      15.877338  3.34662217e-09 -2.09805446e-08 -6.70632718e-09  1.79436967e-09
359      15.894004  3.34906717e-09 -2.08819826e-08 -6.65200518e-09  1.80655967e-09
359      15.910671  3.27008883e-09 -2.06526116e-08 -6.44013151e-09  1.76075134e-09
359      15.927338  3.19220383e-09 -2.05392083e-08 -6.51343451e-09  1.67902134e-09
359      15.944004  3.02526383e-09 -2.05208436e-08 -6.68597768e-09  1.49406467e-09
359      15.960671  2.98438217e-09 -2.01148894e-08 -7.33982918e-09  1.39260301e-09
359      15.977337  2.84335217e-09 -2.02893866e-08 -6.36583668e-09  1.35864467e-09
359      15.994004  2.72140883e-09 -2.02081651e-08 -6.26448468e-09  1.25216967e-09
359      16.010671  2.53637883e-09 -2.01181773e-08 -6.32143701e-09  1.06513301e-09
359      16.027338  2.43535050e-09 -1.99707661e-08 -6.22369734e-09  9.81359670e-10
359      16.044005  2.38165217e-09 -1.98387751e-08 -6.16304184e-09  9.39749669e-10
359      16.060671  2.28894383e-09 -1.96194143e-08 -6.04136768e-09  8.69559669e-10
359      16.077337  2.18943883e-09 -1.96869774e-08 -6.17569968e-09  7.52883003e-10
359      16.094005  2.05289717e-09 -1.93062816e-08 -5.49066101e-09  7.09896336e-10
359      16.110671  2.12546717e-09 -1.93300399e-08 -5.60218218e-09  7.68231336e-10
359      16.127337  1.94801883e-09 -1.94068168e-08 -6.11687068e-09  5.30004669e-10
359      16.144004  1.84829717e-09 -1.93799138e-08 -5.94896468e-09  4.51319669e-10
359      16.160670  1.90876217e-09 -1.93199199e-08 -6.10064401e-09  4.95996336e-10
359      16.177337  1.69667550e-09 -1.91547359e-08 -6.11539568e-09  2.89653003e-10
359      16.194004  1.59731883e-09 -1.91115346e-08 -5.96956451e-09  2.09369669e-10
359      16.210671  1.67042217e-09 -1.90650171e-08 -5.68194934e-09  3.16761336e-10
359      16.227337  1.66554550e-09 -1.89747971e-08 -5.86433368e-09  2.94111336e-10
359      16.244004  1.77975717e-09 -1.88627221e-08 -5.80264934e-09  4.18599669e-10
359      16.260670  1.81106550e-09 -1.87735916e-08 -5.67239768e-09  4.67876336e-10
359      16.277337  1.76532050e-09 -1.87433481e-08 -5.71873168e-09  4.18193003e-10
359      16.294003  1.82537717e-09 -1.86527274e-08 -5.79716884e-09  4.71999669e-10
359      16.310669  1.98853550e-09 -1.85611693e-08 -5.50216401e-09  6.71243003e-10
359      16.327336  2.03713717e-09 -1.84660238e-08 -5.23044218e-09  7.54218003e-10
359      16.344002  2.22458717e-09 -1.84966244e-08 -5.18131968e-09  9.44873004e-10
359      16.360669  2.31129217e-09 -1.84394951e-08 -5.22283384e-09  1.02818467e-09
359      16.377336  2.36108717e-09 -1.82395691e-08 -5.08039801e-09  1.10118134e-09
359      16.394002  2.42787883e-09 -1.82483514e-08 -4.92438568e-09  1.18515967e-09
359      16.410669  2.30458717e-09 -1.82099438e-08 -5.02287401e-09  1.05278801e-09
359      16.427335  2.26917383e-09 -1.82478566e-08 -5.11139501e-09  1.00606300e-09
359      16.444002  2.23077883e-09 -1.83748921e-08 -5.02990318e-09  9.72819672e-10
359      16.460668  1.95736717e-09 -1.83954868e-08 -5.08496634e-09  6.94319669e-10
359      16.477335  1.80336883e-09 -1.83376171e-08 -5.14964234e-09  5.36056336e-10
359      16.494002  1.61441717e-09 -1.83143558e-08 -5.14933318e-09  3.49338003e-10
359      16.510668  1.77664883e-09 -1.84123989e-08 -4.95822484e-09  5.28946336e-10
359      16.527335  1.80817217e-09 -1.82261369e-08 -4.74552234e-09  5.91404670e-10
359      16.544002  1.95777217e-09 -1.82620399e-08 -4.64271601e-09  7.50478003e-10
359      16.560669  2.07772383e-09 -1.82833084e-08 -4.22895901e-09  9.16518003e-10
359      16.577335  1.97900217e-09 -1.83263341e-08 -4.11352384e-09  8.30299670e-10
359      16.594001  2.04945383e-09 -1.83307118e-08 -4.07048668e-09  9.05041338e-10
359      16.610668  1.69827717e-09 -1.83711814e-08 -4.14216051e-09  5.46719669e-10
359      16.627335  1.81870050e-09 -1.84689138e-08 -4.11631551e-09  6.65766336e-10
359      16.644002  1.75700717e-09 -1.85338448e-08 -3.82214918e-09  6.36133003e-10
359      16.660668  1.68629383e-09 -1.85696728e-08 -3.80305901e-09  5.66858003e-10
359      16.677334  1.51245883e-09 -1.86319676e-08 -3.69226901e-09  4.04861336e-10
359      16.694001  1.25021550e-09 -1.85349824e-08 -3.81489451e-09  1.33841336e-10
359      16.710668  1.03288883e-09 -1.85636523e-08 -3.91756518e-09 -9.47669974e-11
359      16.727334  8.10658833e-10 -1.85835813e-08 -3.90498951e-09 -3.14621997e-10
359      16.744001  8.76960500e-10 -1.86694698e-08 -3.84661034e-09 -2.45136997e-10
359      16.760668  7.58078833e-10 -1.86292939e-08 -3.59173451e-09 -3.32315331e-10
359      16.777334  6.09782167e-10 -1.86315093e-08 -3.72145551e-09 -4.94566997e-10
359      16.794001  4.69600500e-10 -1.85402158e-08 -3.60452384e-09 -6.16978664e-10
359      16.810668  5.15785500e-10 -1.85434496e-08 -3.45604518e-09 -5.54125331e-10
359      16.827334  4.94980500e-10 -1.84611418e-08 -3.62831151e-09 -5.91705331e-10
359      16.844002  3.87778833e-10 -1.83377488e-08 -3.43137951e-09 -6.71013664e-10
359      16.860668  2.16485500e-10 -1.81879474e-08 -3.44034584e-09 -8.36738664e-10
359      16.877335  9.26071666e-11 -1.81271496e-08 -3.54221084e-09 -9.69286996e-10
359      16.894001 -2.02329500e-10 -1.79035873e-08 -3.56278401e-09 -1.25647033e-09
359      16.910668 -4.92916167e-10 -1.78977883e-08 -3.76299001e-09 -1.56782199e-09
359      16.927334 -4.30649500e-10 -1.79849929e-08 -3.73341218e-09 -1.50570699e-09
359      16.944001 -7.35814500e-10 -1.78619413e-08 -3.86479468e-09 -1.81940033e-09
359      16.960668 -1.12402783e-09 -1.78134203e-08 -3.77084301e-09 -2.19220199e-09
359      16.977335 -1.11288950e-09 -1.78630008e-08 -3.72526751e-09 -2.17766366e-09
359      16.994001 -1.24389117e-09 -1.77398473e-08 -3.78552868e-09 -2.31026533e-09
359      17.010668 -1.37254450e-09 -1.75502013e-08 -3.77026834e-09 -2.42944199e-09
359      17.027334 -1.62427783e-09 -1.73279093e-08 -3.88265734e-09 -2.68436699e-09
359      17.044002 -2.23277950e-09 -1.71266139e-08 -4.21076284e-09 -3.31907699e-09
359      17.060667 -2.38774450e-09 -1.71094619e-08 -4.24643934e-09 -3.47641366e-09
359      17.077335 -2.11315283e-09 -1.73198223e-08 -3.64757118e-09 -3.14225533e-09
359      17.094000 -1.91844117e-09 -1.75964101e-08 -3.17548168e-09 -2.90437866e-09
359      17.110667 -1.53003783e-09 -1.75744094e-08 -2.68860634e-09 -2.46185699e-09
359      17.127334 -1.48484450e-09 -1.74515444e-08 -2.22787518e-09 -2.35944199e-09
359      17.144000 -1.56241617e-09 -1.73250708e-08 -2.19935601e-09 -2.42865366e-09
359      17.160667 -1.84151450e-09 -1.71093544e-08 -2.23446268e-09 -2.70204866e-09
359      17.177334 -2.36121283e-09 -1.68793499e-08 -2.44957618e-09 -3.23455533e-09
359      17.194000 -2.73730450e-09 -1.67795073e-08 -2.71971468e-09 -3.63549199e-09
359      17.210667 -2.82174283e-09 -1.67360651e-08 -2.64231118e-09 -3.70883866e-09
359      17.227333 -3.06467950e-09 -1.67009283e-08 -3.07477734e-09 -3.99862866e-09
359      17.244000 -3.66376617e-09 -1.66191654e-08 -2.93261618e-09 -4.57400366e-09
359      17.260667 -3.14040283e-09 -1.68477854e-08 -2.27513834e-09 -3.98677199e-09
359      17.277333 -3.31260450e-09 -1.71009099e-08 -2.38500768e-09 -4.17943866e-09
359      17.294000 -3.14408117e-09 -1.70529816e-08 -2.16208168e-09 -3.98471199e-09
359      17.310667 -3.11466783e-09 -1.71426493e-08 -1.60645284e-09 -3.89459866e-09
359      17.327333 -3.67560283e-09 -1.68572646e-08 -2.10758334e-09 -4.49906033e-09
359      17.344000 -4.00503450e-09 -1.68489014e-08 -1.69965884e-09 -4.77869366e-09
359      17.360666 -4.04949117e-09 -1.66846826e-08 -2.02361768e-09 -4.85435533e-09
359      17.377333 -4.10200117e-09 -1.66172159e-08 -2.40023701e-09 -4.94754033e-09
359      17.394000 -3.97149617e-09 -1.64626184e-08 -2.64148301e-09 -4.84030366e-09
359      17.410666 -3.66815450e-09 -1.67586256e-08 -3.48612084e-09 -4.64720699e-09
359      17.427333 -3.26520283e-09 -1.71019218e-08 -2.71832884e-09 -4.17087699e-09
359      17.444000 -2.69690117e-09 -1.71617426e-08 -2.55140534e-09 -3.58961533e-09
359      17.460665 -1.71918617e-09 -1.67128179e-08 -2.36844184e-09 -2.58190366e-09
359      17.477332 -1.03748117e-09 -1.59350763e-08 -2.01929668e-09 -1.83712533e-09
359      17.493998 -5.52786167e-10 -1.48760216e-08 -2.54412851e-09 -1.37868366e-09
359      17.510665  7.85221666e-11 -1.40949464e-08 -3.49581951e-09 -8.33855330e-10
359      17.527331  7.05907167e-10 -1.29938653e-08 -4.53507684e-09 -2.91533664e-10
359      17.543999  1.18369717e-09 -1.12368469e-08 -4.42834518e-09  2.57999669e-10
359      17.560666  1.63934383e-09 -1.04086958e-08 -4.35674634e-09  7.48259669e-10
359      17.577332  2.07552217e-09 -9.85234179e-09 -4.70762984e-09  1.16073634e-09
359      17.593998  2.56749883e-09 -9.52483479e-09 -4.70889151e-09  1.66072301e-09
359      17.610665  3.03110217e-09 -9.18815462e-09 -5.02682784e-09  2.09632967e-09
359      17.627331  3.27572550e-09 -9.08646562e-09 -5.16357601e-09  2.32705467e-09
359      17.643997  3.50178717e-09 -8.69359762e-09 -5.86540018e-09  2.48464134e-09
359      17.660664  3.81346050e-09 -8.16078112e-09 -5.73065951e-09  2.82904134e-09
359      17.677331  4.18526550e-09 -7.92927062e-09 -6.47592851e-09  3.12018634e-09
359      17.693998  4.55808050e-09 -7.84534962e-09 -7.18085551e-09  3.41202967e-09
359      17.710664  4.81193883e-09 -7.66863462e-09 -6.88319651e-09  3.70468634e-09
359      17.727331  4.54585883e-09 -7.80486479e-09 -7.09768718e-09  3.41094967e-09
359      17.743998  4.62661550e-09 -7.74968912e-09 -6.34999618e-09  3.57928134e-09
359      17.760664  4.80089717e-09 -7.64431929e-09 -6.35744568e-09  3.75520801e-09
359      17.777330  4.97091717e-09 -7.61801279e-09 -7.05661701e-09  3.84434801e-09
359      17.793997  4.87272550e-09 -7.34177729e-09 -7.51660951e-09  3.70379467e-09
359      17.810664  4.40189883e-09 -7.02292279e-09 -8.65323251e-09  3.11688967e-09
359      17.827331  4.56308717e-09 -6.57348412e-09 -1.02588325e-08  3.10807134e-09
359      17.843997  4.48630883e-09 -6.24449745e-09 -1.08682157e-08  2.97350634e-09
359      17.860664  4.17240550e-09 -5.81652995e-09 -1.06508882e-08  2.70230301e-09
359      17.877330  4.16812550e-09 -5.72423212e-09 -1.01365435e-08  2.76061967e-09
359      17.893997  3.90754217e-09 -5.60725479e-09 -1.02383807e-08  2.49442301e-09
359      17.910664  3.74623383e-09 -5.58805162e-09 -1.07395667e-08  2.27725134e-09
359      17.927330  3.58948383e-09 -5.67243112e-09 -1.05596055e-08  2.13934634e-09
359      17.943997  3.48520383e-09 -5.69380045e-09 -1.02030683e-08  2.07612467e-09
359      17.960664  3.35393383e-09 -5.65296262e-09 -1.00207977e-08  1.96827467e-09
359      17.977330  3.29054217e-09 -5.64390895e-09 -9.86576684e-09  1.92352967e-09
359      17.993997  3.14815050e-09 -5.62849412e-09 -9.66705934e-09  1.80563301e-09
359      18.010664  3.30289050e-09 -5.53138095e-09 -9.81160701e-09  1.94607134e-09
359      18.027330  3.30702383e-09 -5.30098695e-09 -9.68613151e-09  1.97292801e-09
359      18.043997  3.28819383e-09 -5.21338395e-09 -9.37621501e-09  1.99308134e-09
359      18.060663  3.39180717e-09 -5.29659412e-09 -9.05751818e-09  2.12966134e-09
359      18.077330  3.67426050e-09 -5.79675879e-09 -8.68748268e-09  2.43469801e-09
359      18.093996  3.80597217e-09 -5.71651895e-09 -8.53580401e-09  2.58579967e-09
359      18.110663  3.67279550e-09 -5.58639095e-09 -8.26790834e-09  2.48915467e-09
359      18.127330  3.63300717e-09 -5.42577645e-09 -8.11213568e-09  2.47337801e-09
359      18.143997  3.89226383e-09 -5.29470395e-09 -8.28168684e-09  2.71593301e-09
359      18.160663  3.72357550e-09 -5.03966345e-09 -8.42928601e-09  2.54063467e-09
359      18.177330  3.39849717e-09 -4.85061712e-09 -8.49892118e-09  2.21672134e-09
359      18.193996  2.83310217e-09 -4.95531012e-09 -8.83363051e-09  1.61312634e-09
359      18.210663  2.70829550e-09 -4.90158512e-09 -8.80400634e-09  1.49458134e-09
359      18.227330  2.26999883e-09 -4.77840545e-09 -8.94046718e-09  1.04819967e-09
359      18.243996  2.23364217e-09 -4.57592462e-09 -9.00980218e-09  1.01140467e-09
359      18.260663  1.77626050e-09 -4.21415912e-09 -9.09634068e-09  5.60431336e-10
359      18.277330  1.45338383e-09 -4.42421745e-09 -9.20003751e-09  2.20399669e-10
359      18.293996  8.61985500e-10 -4.38228595e-09 -8.74927534e-09 -3.13233664e-10
359      18.310663  1.00968217e-09 -4.55818545e-09 -8.57348101e-09 -1.52688664e-10
359      18.327329  8.97133833e-10 -4.41316762e-09 -8.41155118e-09 -2.40531997e-10
359      18.343996  7.63217167e-10 -4.45231912e-09 -8.37461168e-09 -3.70603664e-10
359      18.360663  1.11860883e-09 -4.51353095e-09 -7.96962534e-09  2.66430026e-11
359      18.377329  8.17018833e-10 -4.29338245e-09 -8.33289201e-09 -3.06676997e-10
359      18.393996  7.04217167e-10 -4.31577745e-09 -8.38830868e-09 -4.25843664e-10
359      18.410664  7.96125500e-10 -4.27394079e-09 -7.99254384e-09 -2.87491997e-10
359      18.427329  6.02710500e-10 -4.51369895e-09 -7.87976101e-09 -4.75136997e-10
359      18.443996  7.40670500e-10 -4.56603995e-09 -7.54124818e-09 -3.01053664e-10
359      18.460663  7.76880500e-10 -4.50644229e-09 -7.29627751e-09 -2.34723664e-10
359      18.477329  6.67252167e-10 -4.30894862e-09 -7.14233518e-09 -3.18693664e-10
359      18.493996  1.01501383e-09 -4.14166712e-09 -7.12931818e-09  3.40413359e-11
359      18.510662  7.99125500e-10 -3.95902479e-09 -7.42265101e-09 -2.07490331e-10
359      18.527329  5.40042167e-10 -3.97601862e-09 -7.47619568e-09 -4.71475331e-10
359      18.543996  2.68290500e-10 -4.16006762e-09 -7.26206151e-09 -7.23180331e-10
359      18.560662 -1.79345002e-11 -4.16003379e-09 -7.38575618e-09 -1.02157033e-09
359      18.577330  1.04212167e-10 -4.33115295e-09 -7.31180534e-09 -8.97948660e-10
359      18.593996 -1.61802833e-10 -4.10446079e-09 -7.20377768e-09 -1.14140033e-09
359      18.610662 -3.20297833e-10 -4.24876629e-09 -7.25719018e-09 -1.31008866e-09
359      18.627328 -2.73131167e-10 -4.22217462e-09 -7.03202084e-09 -1.23635366e-09
359      18.643996 -4.38087833e-10 -4.30270279e-09 -7.03753368e-09 -1.40364033e-09
359      18.660662 -4.59934500e-10 -4.32585145e-09 -6.82484318e-09 -1.40164699e-09
359      18.677328 -4.07121167e-10 -4.37970729e-09 -6.77747401e-09 -1.34569699e-09
359      18.693995 -3.75146167e-10 -4.34086079e-09 -6.67671101e-09 -1.30093533e-09
359      18.710661 -4.95899500e-10 -4.18925262e-09 -6.47295084e-09 -1.39186366e-09
359      18.727328 -4.44806167e-10 -4.44518662e-09 -6.33225668e-09 -1.33413866e-09
359      18.743995 -8.15134500e-10 -4.41354095e-09 -6.24625668e-09 -1.69069533e-09
359      18.760662 -8.61159500e-10 -4.43785129e-09 -6.07858918e-09 -1.71793033e-09
359      18.777328 -9.95329500e-10 -4.43279612e-09 -6.18454384e-09 -1.86315699e-09
359      18.793994 -1.07789617e-09 -4.54205395e-09 -6.22406101e-09 -1.95360533e-09
359      18.810661 -1.05434617e-09 -4.58166279e-09 -6.25134751e-09 -1.93480033e-09
359      18.827328 -2.48168950e-09 -3.96731712e-09 -6.24292001e-09 -3.32854866e-09
359      18.843994 -2.58585283e-09 -1.46907562e-09 -6.10792484e-09 -3.32628533e-09
359      18.860661 -1.23319117e-09 -4.57147279e-09 -6.02646668e-09 -2.08604033e-09
359      18.877327  4.92605000e-11 -5.09824462e-09 -5.64352584e-09 -7.87713662e-10
359      18.893994 -1.11003450e-09 -4.42508462e-09 -5.75709218e-09 -1.92746699e-09
359      18.910661 -7.85372833e-10 -4.59131479e-09 -5.72791501e-09 -1.60777199e-09
359      18.927327 -9.69987833e-10 -4.37812245e-09 -5.61120901e-09 -1.76992199e-09
359      18.943994 -1.10340950e-09 -4.34600329e-09 -5.53073751e-09 -1.89193366e-09
359      18.960660 -1.01380950e-09 -4.41533462e-09 -5.67446984e-09 -1.82206033e-09
359      18.977327 -1.08398950e-09 -4.42172379e-09 -5.73296384e-09 -1.89868866e-09
359      18.993994 -1.44281617e-09 -4.35254912e-09 -5.71539318e-09 -2.25037699e-09
359      19.010660 -1.54037117e-09 -4.36689595e-09 -5.83016751e-09 -2.36097366e-09
359      19.027327 -1.78507117e-09 -4.62213812e-09 -5.77589201e-09 -2.60680366e-09
359      19.043993 -1.92667117e-09 -4.39871562e-09 -5.87289068e-09 -2.75051533e-09
359      19.060660 -2.03674283e-09 -4.43830612e-09 -5.89876018e-09 -2.86418866e-09
359      19.077327 -2.04472117e-09 -4.44262995e-09 -5.89284701e-09 -2.87158533e-09
359      19.093993 -2.15872950e-09 -4.38879729e-09 -5.80861801e-09 -2.97310366e-09
359      19.110660 -2.14059117e-09 -4.40176779e-09 -5.72331601e-09 -2.94573533e-09
359      19.127326 -2.07550450e-09 -4.33053812e-09 -5.70857601e-09 -2.87685533e-09
359      19.143993 -2.24928617e-09 -4.25712045e-09 -5.71896501e-09 -3.04792033e-09
359      19.160660 -2.22651283e-09 -4.27088645e-09 -5.72539834e-09 -3.02654033e-09
359      19.177326 -2.24799783e-09 -4.26617995e-09 -5.51490501e-09 -3.02342366e-09
359      19.193993 -2.44964450e-09 -4.27554529e-09 -5.48789868e-09 -3.22081699e-09
359      19.210659 -2.81364783e-09 -4.21106529e-09 -5.60715901e-09 -3.59360199e-09
359      19.227326 -3.07341450e-09 -4.22220362e-09 -5.68564768e-09 -3.86091199e-09
359      19.243993 -3.07802450e-09 -4.56892795e-09 -5.63785334e-09 -3.87246533e-09
359      19.260659 -2.90093283e-09 -4.31739195e-09 -5.69984434e-09 -3.69476033e-09
359      19.277326 -3.57889117e-09 -4.02060429e-09 -5.92240984e-09 -4.38272866e-09
359      19.293993 -4.61322950e-09 -3.95881462e-09 -6.41500334e-09 -5.46406366e-09
359      19.310659 -5.24713450e-09 -4.54365912e-09 -6.78570684e-09 -6.15711699e-09
359      19.327326 -5.32352450e-09 -4.62085612e-09 -6.60004301e-09 -6.21421699e-09
359      19.343993 -5.41728617e-09 -4.59677745e-09 -7.18469384e-09 -6.37394533e-09
359      19.360659 -5.86270617e-09 -4.63543845e-09 -7.28676584e-09 -6.82926866e-09
359      19.377326 -6.20033950e-09 -4.80787145e-09 -7.28077984e-09 -7.16994366e-09
359      19.393993 -6.15706617e-09 -4.85474879e-09 -7.34558851e-09 -7.13615199e-09
359      19.410660 -6.20565283e-09 -4.83224479e-09 -7.20724751e-09 -7.16762366e-09
359      19.427326 -6.21688450e-09 -4.75247162e-09 -7.14876318e-09 -7.16915533e-09
359      19.443993 -6.20217617e-09 -4.77468162e-09 -6.94455551e-09 -7.13180533e-09
359      19.460659 -6.74898450e-09 -4.58461129e-09 -6.95763318e-09 -7.66928866e-09
359      19.477327 -6.58914450e-09 -4.42830779e-09 -6.84093884e-09 -7.49153199e-09
359      19.493993 -6.45024283e-09 -4.41096595e-09 -6.61552068e-09 -7.32703033e-09
359      19.510659 -5.85186617e-09 -4.41531162e-09 -6.67715584e-09 -6.74024866e-09
359      19.527326 -6.56784950e-09 -4.02268345e-09 -6.30431551e-09 -7.39390533e-09
359      19.543993 -6.39308450e-09 -3.94353012e-09 -6.28703934e-09 -7.21556866e-09
359      19.560659 -6.60654117e-09 -3.85278329e-09 -6.61515518e-09 -7.46200200e-09
359      19.577326 -6.21918450e-09 -3.88068379e-09 -5.87568951e-09 -6.99325366e-09
359      19.593992 -6.26396450e-09 -3.65553079e-09 -5.87647468e-09 -7.02967699e-09
359      19.610658 -6.44048950e-09 -3.58627145e-09 -5.90352668e-09 -7.20554033e-09
359      19.627326 -6.57337117e-09 -3.57227245e-09 -6.06568034e-09 -7.35563366e-09
359      19.643992 -6.54760783e-09 -3.46180129e-09 -5.79841984e-09 -7.29527199e-09
359      19.660658 -6.61687783e-09 -3.40902162e-09 -5.68511884e-09 -7.34907033e-09
359      19.677326 -6.61774950e-09 -3.39632995e-09 -5.79821151e-09 -7.36250866e-09
359      19.693992 -6.73049450e-09 -3.35022729e-09 -5.78893334e-09 -7.47169033e-09
359      19.710659 -6.87118450e-09 -3.66280195e-09 -5.61413651e-09 -7.60245866e-09
359      19.727325 -6.60084283e-09 -3.84070362e-09 -5.41991584e-09 -7.31811033e-09
359      19.743992 -6.48118617e-09 -3.62492079e-09 -5.36057234e-09 -7.18472366e-09
359      19.760659 -6.35511950e-09 -3.22695362e-09 -5.14940334e-09 -7.02087199e-09
359      19.777325 -6.39170117e-09 -3.17500979e-09 -5.18000534e-09 -7.05885199e-09
359      19.793991 -6.52826950e-09 -3.23623912e-09 -5.09764268e-09 -7.18711199e-09
359      19.810658 -6.69284450e-09 -3.25601812e-09 -5.12513601e-09 -7.35437366e-09
359      19.827324 -6.64914450e-09 -3.15431462e-09 -5.09267801e-09 -7.30357866e-09
359      19.843992 -6.84016783e-09 -3.21756862e-09 -4.99075168e-09 -7.48373199e-09
359      19.860658 -6.80364450e-09 -3.32155579e-09 -5.08565184e-09 -7.46218699e-09
359      19.877324 -6.64801950e-09 -3.32101729e-09 -4.93283801e-09 -7.29004366e-09
359      19.893991 -6.80160783e-09 -3.30582745e-09 -4.82223468e-09 -7.42920366e-09
359      19.910658 -7.02809450e-09 -3.35062629e-09 -5.03091484e-09 -7.67971199e-09
359      19.927324 -6.99388283e-09 -3.39562212e-09 -4.93536334e-09 -7.63635533e-09
359      19.943991 -7.21858617e-09 -3.40656545e-09 -4.96459934e-09 -7.86317699e-09
359      19.960658 -7.33130783e-09 -3.43175162e-09 -4.84174984e-09 -7.96179866e-09
359      19.977325 -7.35411950e-09 -3.41298112e-09 -4.90106251e-09 -7.99062199e-09
359      19.993991 -7.73112950e-09 -3.48210129e-09 -5.19117618e-09 -8.40080866e-09
359      20.010657 -7.78492283e-09 -3.52781812e-09 -5.24373401e-09 -8.46192199e-09
359      20.027324 -8.04346450e-09 -3.67841095e-09 -5.14973618e-09 -8.71315866e-09
359      20.043990 -8.16811617e-09 -3.90792929e-09 -5.40344084e-09 -8.87442366e-09
359      20.060657 -8.06811617e-09 -3.99148412e-09 -5.11115518e-09 -8.74446033e-09
359      20.077323 -7.89793783e-09 -3.81139195e-09 -5.12211368e-09 -8.57030533e-09
359      20.093989 -7.84482950e-09 -3.64520762e-09 -4.97146918e-09 -8.49421866e-09
359      20.110657 -7.79296117e-09 -3.61289829e-09 -4.73884701e-09 -8.41473033e-09
359      20.127323 -7.73782117e-09 -3.59431279e-09 -4.69516651e-09 -8.35428699e-09
359      20.143989 -7.86778950e-09 -3.71002645e-09 -4.52927268e-09 -8.46834033e-09
359      20.160657 -7.62909617e-09 -3.70916595e-09 -4.29446718e-09 -8.20427033e-09
359      20.177323 -7.63476283e-09 -3.63829329e-09 -4.10281051e-09 -8.18523866e-09
359      20.193990 -7.37071450e-09 -3.58048995e-09 -3.84798468e-09 -7.89164866e-09
359      20.210656 -6.92692450e-09 -3.47891412e-09 -3.68302701e-09 -7.42841033e-09
359      20.227323 -7.08377783e-09 -3.49338345e-09 -3.57664284e-09 -7.57237866e-09
359      20.243989 -6.89354117e-09 -3.39444045e-09 -3.45698084e-09 -7.36616533e-09
359      20.260656 -7.15340117e-09 -3.47075112e-09 -3.12471634e-09 -7.58853033e-09
359      20.277322 -7.27096617e-09 -3.54624312e-09 -3.40349318e-09 -7.74010699e-09
359      20.293989 -6.90360783e-09 -3.45929645e-09 -3.22805368e-09 -7.35207366e-09
359      20.310656 -7.27032950e-09 -3.57271812e-09 -3.69071834e-09 -7.77357366e-09
359      20.327322 -6.81145617e-09 -3.43150045e-09 -3.71650618e-09 -7.31594533e-09
359      20.343989 -7.23456617e-09 -3.44419645e-09 -3.57085251e-09 -7.71961199e-09
359      20.360656 -6.73183617e-09 -3.43843445e-09 -3.38425034e-09 -7.19883533e-09
359      20.377322 -6.91381117e-09 -3.36413229e-09 -3.29780568e-09 -7.36681866e-09
359      20.393989 -6.89422117e-09 -3.46586279e-09 -3.21702168e-09 -7.34171533e-09
359      20.410655 -6.71654283e-09 -3.42877779e-09 -3.09906284e-09 -7.15040033e-09
359      20.427322 -6.72437117e-09 -3.26563912e-09 -3.18067601e-09 -7.16170699e-09
359      20.443989 -6.78292283e-09 -3.16628445e-09 -2.55523434e-09 -7.14384033e-09
359      20.460656 -6.81532117e-09 -3.10525129e-09 -3.29064701e-09 -7.25889866e-09
359      20.477322 -6.77082617e-09 -3.02063829e-09 -3.36183084e-09 -7.21988366e-09
359      20.493989 -6.88734783e-09 -2.91814345e-09 -3.29045551e-09 -7.32362366e-09
359      20.510655 -6.82609950e-09 -2.72116329e-09 -3.50881468e-09 -7.28092199e-09
359      20.527322 -6.75478617e-09 -2.57755679e-09 -3.48560418e-09 -7.20226699e-09
359      20.543989 -6.83136950e-09 -2.46765095e-09 -3.61796351e-09 -7.28960199e-09
359      20.560655 -6.77297783e-09 -2.42838945e-09 -3.62257284e-09 -7.23076199e-09
359      20.577322 -6.84506783e-09 -2.10227612e-09 -3.34263584e-09 -7.25825699e-09
359      20.593988 -6.52124617e-09 -2.15486479e-09 -3.05198768e-09 -6.90517199e-09
359      20.610655 -6.96914617e-09 -2.26153479e-09 -3.02348384e-09 -7.35033699e-09
359      20.627322 -6.60669283e-09 -2.17957712e-09 -2.90053084e-09 -6.97340699e-09
359      20.643988 -6.53969783e-09 -2.18271779e-09 -2.78421718e-09 -6.89360366e-09
359      20.660655 -6.74563783e-09 -2.20265345e-09 -2.88724468e-09 -7.11062533e-09
359      20.677322 -6.51448783e-09 -2.27549045e-09 -2.55514334e-09 -6.84547033e-09
359      20.693988 -6.63740283e-09 -2.46314779e-09 -2.51153484e-09 -6.96923866e-09
359      20.710655 -6.14404450e-09 -2.39197579e-09 -2.06535584e-09 -6.42544366e-09
359      20.727321 -6.33021783e-09 -2.50187679e-09 -2.44398534e-09 -6.65789699e-09
359      20.743988 -6.07452617e-09 -2.51168829e-09 -2.07372418e-09 -6.36170533e-09
359      20.760655 -6.29893450e-09 -2.44395862e-09 -1.99737951e-09 -6.57321533e-09
359      20.777322 -6.13679783e-09 -2.40531445e-09 -2.07578568e-09 -6.41993199e-09
359      20.793989 -6.22222783e-09 -2.32813312e-09 -2.25566468e-09 -6.52271366e-09
359      20.810656 -5.90787283e-09 -2.28867495e-09 -2.13471784e-09 -6.19527699e-09
359      20.827322 -6.18696617e-09 -2.17191329e-09 -2.05362301e-09 -6.45874866e-09
359      20.843988 -6.20180617e-09 -2.13206429e-09 -1.94933484e-09 -6.46000699e-09
359      20.860655 -5.55755783e-09 -2.14578229e-09 -1.76395868e-09 -5.79958699e-09
359      20.877321 -7.09309783e-09 -2.52875062e-09 -2.25955201e-09 -7.39485533e-09
359      20.893989 -5.84133617e-09 -2.65530129e-09 -1.74280401e-09 -6.09721699e-09
359      20.910655 -6.60144617e-09 -2.80890529e-09 -1.77978384e-09 -6.86155199e-09
359      20.927321 -6.05246450e-09 -2.85451779e-09 -1.62514701e-09 -6.30040866e-09
359      20.943988 -6.30588617e-09 -2.95993729e-09 -1.29726301e-09 -6.51791366e-09
359      20.960655 -6.04587783e-09 -3.03915395e-09 -1.29999701e-09 -6.26299366e-09
359      20.977321 -5.77468283e-09 -3.03771079e-09 -1.27991301e-09 -5.99140866e-09
359      20.993988 -6.09883117e-09 -3.09271629e-09 -1.10255668e-09 -6.29469033e-09
359      21.010654 -6.12750283e-09 -3.24191779e-09 -1.04748284e-09 -6.32217366e-09
359      21.027321 -5.59023117e-09 -3.24504179e-09 -8.33828174e-10 -5.76429699e-09
359      21.043988 -5.70646450e-09 -3.52659212e-09 -7.72181340e-10 -5.88270866e-09
359      21.060655 -5.77774450e-09 -3.74808762e-09 -8.20054174e-10 -5.96697033e-09
359      21.077321 -5.57891450e-09 -3.85821462e-09 -7.78598507e-10 -5.76877199e-09
359      21.093988 -4.85815950e-09 -3.74088695e-09 -3.30332674e-10 -4.99733366e-09
359      21.110654 -4.88516617e-09 -3.36087512e-09 -2.88088840e-10 -5.00557533e-09
359      21.127321 -4.16132450e-09 -3.10240129e-09 -8.79443402e-11 -4.25462199e-09
359      21.143988 -4.43274783e-09 -2.94301229e-09 -5.38517338e-12 -4.50878199e-09
359      21.160654 -4.21306450e-09 -2.85025662e-09 -4.98517339e-12 -4.28733366e-09
359      21.177320 -4.52069950e-09 -2.92597412e-09 -1.39073174e-10 -4.61090366e-09
359      21.193987 -4.31174783e-09 -2.92009595e-09 -1.12727840e-10 -4.40023699e-09
359      21.210654 -4.35551117e-09 -2.86619695e-09 -1.85854340e-10 -4.45017199e-09
359      21.227321 -4.33583283e-09 -2.73006062e-09 -1.91930840e-10 -4.42643033e-09
359      21.243987 -4.43213950e-09 -2.61929279e-09 -5.38547174e-10 -4.55806199e-09
359      21.260653 -4.29488950e-09 -2.47870195e-09 -3.65291507e-10 -4.39674866e-09
359      21.277320 -4.57620617e-09 -2.55739129e-09 -5.61509840e-10 -4.70149033e-09
359      21.293986 -4.28952783e-09 -2.43233062e-09 -4.50234840e-10 -4.39956033e-09
359      21.310653 -4.27623617e-09 -2.39881862e-09 -3.05808507e-10 -4.36847366e-09
359      21.327320 -4.24262783e-09 -2.32312462e-09 -4.31689840e-10 -4.34692199e-09
359      21.343987 -4.09452783e-09 -2.27977795e-09 -3.99500069e-11 -4.15311866e-09
359      21.360653 -4.10059783e-09 -2.22326212e-09 -1.36612674e-10 -4.16826866e-09
359      21.377320 -3.86876283e-09 -2.08433395e-09 -2.51391840e-10 -3.94638533e-09
359      21.393986 -3.74910950e-09 -1.95520345e-09 -7.97320068e-11 -3.80313866e-09
359      21.410653 -3.67896283e-09 -1.85934462e-09  8.29932663e-12 -3.71987533e-09
359      21.427319 -3.64890450e-09 -1.92612612e-09 -1.76980067e-11 -3.69543866e-09
359      21.443986 -3.59779117e-09 -1.92468762e-09  1.38850493e-10 -3.62657033e-09
359      21.460652 -3.95623117e-09 -2.01598312e-09 -2.15574674e-10 -4.02661533e-09
359      21.477319 -3.78995950e-09 -1.91223262e-09 -1.00356673e-10 -3.84450533e-09
359      21.493985 -3.95032283e-09 -1.85275229e-09 -3.94694007e-10 -4.03552366e-09
359      21.510652 -3.95133450e-09 -1.81772545e-09 -4.19472340e-10 -4.03813033e-09
359      21.527319 -4.14764950e-09 -1.82597262e-09 -5.00690674e-10 -4.24267533e-09
359      21.543986 -4.18517450e-09 -1.87739212e-09 -5.50956840e-10 -4.28758033e-09
359      21.560652 -4.21803117e-09 -1.99911179e-09 -6.00586007e-10 -4.33030866e-09
359      21.577319 -4.14930117e-09 -1.97878579e-09 -4.05091174e-10 -4.23880033e-09
359      21.593985 -4.31942950e-09 -1.91188929e-09 -7.83699340e-10 -4.44896699e-09
359      21.610652 -3.98753617e-09 -1.89538445e-09 -5.44335007e-10 -4.09127366e-09
359      21.627318 -4.11645450e-09 -1.82951195e-09 -5.84693674e-10 -4.22153533e-09
359      21.643985 -3.81628283e-09 -1.76772929e-09 -6.98807674e-10 -3.93450866e-09
359      21.660652 -4.03581783e-09 -1.63194045e-09 -6.38149840e-10 -4.14053366e-09
359      21.677318 -3.91890617e-09 -1.49891879e-09 -4.75205007e-10 -4.00087366e-09
359      21.693985 -4.00997617e-09 -1.51977029e-09 -5.75218174e-10 -4.10356699e-09
359      21.710651 -3.86713783e-09 -1.57113895e-09 -2.74304507e-10 -3.92889699e-09
359      21.727318 -4.04982450e-09 -1.69840362e-09  8.19341598e-11 -4.07369699e-09
359      21.743984 -3.80762617e-09 -1.72294245e-09 -5.59850068e-11 -3.85009366e-09
359      21.760651 -3.90663283e-09 -1.70478629e-09 -9.19725068e-11 -3.95186366e-09
359      21.777318 -3.80390283e-09 -1.67861145e-09 -9.96096735e-11 -3.84983199e-09
359      21.793984 -3.74714950e-09 -1.65073279e-09 -7.05891735e-11 -3.78914533e-09
359      21.810651 -3.88081783e-09 -1.49692079e-09 -2.76536674e-10 -3.94004699e-09
359      21.827318 -3.93279450e-09 -1.36091779e-09 -4.80785840e-10 -4.01031366e-09
359      21.843985 -4.08369450e-09 -1.31925579e-09 -5.29864674e-10 -4.16427366e-09
359      21.860651 -4.10734950e-09 -1.31498245e-09 -5.52953674e-10 -4.19027866e-09
359      21.877318 -4.14237450e-09 -1.30515362e-09 -6.25261174e-10 -4.23302866e-09
359      21.893985 -4.07788617e-09 -1.35969145e-09 -5.70145674e-10 -4.16462199e-09
359      21.910651 -4.04586950e-09 -1.30883079e-09 -6.50455507e-10 -4.14026699e-09
359      21.927318 -3.94228117e-09 -1.32673162e-09 -6.45937507e-10 -4.03756533e-09
359      21.943984 -4.00768283e-09 -1.24604212e-09 -6.52110174e-10 -4.10028866e-09
359      21.960651 -3.82163617e-09 -1.18920912e-09 -6.70094174e-10 -3.91563199e-09
359      21.977317 -3.94850283e-09 -1.21760979e-09 -7.22952340e-10 -4.04869533e-09
359      21.993984 -4.03236783e-09 -1.24631112e-09 -6.56542674e-10 -4.12531699e-09
359      22.010651 -4.09574617e-09 -1.38838629e-09 -7.07500507e-10 -4.19923699e-09
359      22.027317 -4.08401783e-09 -1.43161695e-09 -6.31466507e-10 -4.18038866e-09
359      22.043984 -4.21890950e-09 -1.37869362e-09 -4.21279507e-10 -4.28809866e-09
359      22.060651 -4.19761950e-09 -1.42780179e-09 -3.54599840e-10 -4.26104033e-09
359      22.077317 -4.32411617e-09 -1.51450345e-09 -5.53869507e-10 -4.41276033e-09
359      22.093984 -4.23759450e-09 -1.54572395e-09 -4.92466674e-10 -4.32089866e-09
359      22.110651 -4.20761783e-09 -1.50591779e-09 -3.65985174e-10 -4.27510699e-09
359      22.127318 -4.29562617e-09 -1.46763679e-09 -3.80319007e-10 -4.36274866e-09
359      22.143984 -4.46175950e-09 -1.44205262e-09 -3.20824174e-10 -4.51985366e-09
359      22.160651 -4.59347783e-09 -1.51181379e-09 -1.09180007e-10 -4.62870533e-09
359      22.177318 -4.61407450e-09 -1.53944712e-09 -1.37544007e-10 -4.65341533e-09
359      22.193984 -4.55048283e-09 -1.62489795e-09 -1.31646340e-10 -4.59268866e-09
359      22.210651 -4.40334950e-09 -1.62697445e-09 -3.79495067e-11 -4.43589699e-09
359      22.227317 -4.34658950e-09 -1.61668945e-09  2.00226660e-10 -4.35168866e-09
359      22.243984 -4.22999783e-09 -1.53680245e-09  4.43879660e-10 -4.20493033e-09
359      22.260650 -4.15333617e-09 -1.43041629e-09  4.22434160e-10 -4.12746533e-09
359      22.277317 -4.15134783e-09 -1.36769295e-09  2.92534493e-10 -4.13822533e-09
359      22.293984 -4.00281117e-09 -1.43373279e-09  6.23400993e-10 -3.95496033e-09
359      22.310650 -4.13383783e-09 -1.48794595e-09  6.93379826e-10 -4.07890866e-09
359      22.327317 -3.73316950e-09 -1.44673262e-09  7.86378826e-10 -3.66896033e-09
359      22.343984 -3.55386617e-09 -1.35460829e-09  1.27801816e-09 -3.43088033e-09
359      22.360651 -3.21338283e-09 -1.25167245e-09  1.26615049e-09 -3.09053699e-09
359      22.377317 -3.20438950e-09 -1.23332895e-09  1.29901632e-09 -3.07716199e-09
359      22.393983 -2.97565283e-09 -1.23896745e-09  1.65791632e-09 -2.80886866e-09
359      22.410650 -2.83172283e-09 -1.21048245e-09  1.79606649e-09 -2.64900699e-09
359      22.427317 -2.65687950e-09 -1.14025595e-09  1.74250232e-09 -2.47910699e-09
359      22.443984 -2.69133450e-09 -1.10994979e-09  1.90809399e-09 -2.49308533e-09
359      22.460650 -2.41322450e-09 -1.21328662e-09  2.10748149e-09 -2.19772199e-09
359      22.477316 -1.98811617e-09 -1.10178179e-09  2.37580399e-09 -1.74072033e-09
359      22.493983 -1.81984117e-09 -9.59435116e-10  2.62824849e-09 -1.53939033e-09
359      22.510649 -1.60826950e-09 -8.30155115e-10  2.63201999e-09 -1.32427199e-09
359      22.527316 -1.48922283e-09 -8.17299782e-10  2.69429716e-09 -1.19842866e-09
359      22.543983 -1.26034283e-09 -7.65428448e-10  3.01796482e-09 -9.31985330e-10
359      22.560649 -1.03466617e-09 -7.69747282e-10  3.29361349e-09 -6.76270331e-10
359      22.577316 -1.04355450e-09 -7.16482948e-10  3.14333649e-09 -7.00533664e-10
359      22.593983 -7.92101167e-10 -6.95276615e-10  3.38113282e-09 -4.22701997e-10
359      22.610649 -7.72441167e-10 -6.64048115e-10  3.35939049e-09 -4.04556997e-10
359      22.627316 -8.39062833e-10 -5.95103115e-10  3.16312616e-09 -4.90886997e-10
359      22.643982 -9.21319500e-10 -5.66433115e-10  3.27531149e-09 -5.58538664e-10
359      22.660649 -9.02667833e-10 -5.40111448e-10  3.20008949e-09 -5.47746997e-10
359      22.677316 -8.40991167e-10 -4.92456448e-10  3.14459782e-09 -4.91220331e-10
359      22.693982 -8.02274500e-10 -4.22524615e-10  3.23838516e-09 -4.39436997e-10
359      22.710649 -8.08274500e-10 -3.00945282e-10  3.24316599e-09 -4.40450331e-10
359      22.727314 -7.76939500e-10 -4.11974782e-10  3.14988199e-09 -4.24125331e-10
359      22.743982 -6.06307833e-10 -3.19674948e-10  3.11819332e-09 -2.55083664e-10
359      22.760648 -7.88219500e-10 -2.31428282e-10  3.05131949e-09 -4.40200331e-10
359      22.777315 -7.49949500e-10 -2.88296448e-10  3.01093182e-09 -4.08928664e-10
359      22.793982 -7.31631167e-10 -2.98618448e-10  3.00609332e-09 -3.91673664e-10
359      22.810648 -3.61101167e-10 -3.53514948e-10  3.24163566e-09  1.36300264e-12
359      22.827315  1.34771665e-11 -2.80921282e-10  3.57403982e-09  4.14206336e-10
359      22.843981  3.85992167e-10 -2.44771115e-10  3.73595316e-09  8.03988003e-10
359      22.860648  3.43127167e-10 -1.42456948e-10  3.89854166e-09  7.83928003e-10
359      22.877314  5.81772167e-10 -8.99392818e-11  4.07499982e-09  1.04308967e-09
359      22.893981  7.31622167e-10 -2.12127819e-11  4.24543816e-09  1.21402134e-09
359      22.910648  7.47312167e-10  4.61725514e-11  4.27488332e-09  1.23543134e-09
359      22.927315  7.59955500e-10  6.39475514e-11  3.97650732e-09  1.21415301e-09
359      22.943981  6.90928833e-10  1.80547218e-10  4.14143566e-09  1.16889634e-09
359      22.960648  6.19642167e-10  2.23846218e-10  3.93728149e-09  1.07611134e-09
359      22.977314  6.14665500e-10  2.64758052e-10  3.76555532e-09  1.05280467e-09
359      22.993982  4.51447167e-10  2.56157718e-10  3.59677399e-09  8.70974670e-10
359      23.010648  2.93298833e-10  2.43705218e-10  3.46936699e-09  6.98819669e-10
359      23.027314  4.16282167e-10  2.27248885e-10  3.64068182e-09  8.40101336e-10
359      23.043981  5.91423833e-10  1.88237552e-10  3.58437416e-09  1.00604467e-09
359      23.060647  6.57462167e-10  3.02152552e-10  3.64465882e-09  1.08267301e-09
359      23.077314  5.59310500e-10  3.69761385e-10  3.72234916e-09  9.96659671e-10
359      23.093980  5.29582167e-10  2.89434885e-10  3.63023016e-09  9.53601336e-10
359      23.110647  6.58073833e-10  3.55039385e-10  3.58967849e-09  1.07884134e-09
359      23.127314  7.11345500e-10  4.34805552e-10  3.60902916e-09  1.13682467e-09
359      23.143981  7.20107167e-10  4.10305385e-10  3.47441582e-09  1.12909301e-09
359      23.160648  6.57092167e-10  4.10505885e-10  3.48490382e-09  1.06776634e-09
359      23.177313  6.12475500e-10  4.05802552e-10  3.41820832e-09  1.01560467e-09
359      23.193980  5.43442167e-10  4.28650885e-10  3.25429282e-09  9.28961337e-10
359      23.210647  5.54353833e-10  3.44960885e-10  3.29695682e-09  9.41703004e-10
359      23.227315  6.61652167e-10  3.61706552e-10  3.34062432e-09  1.05386301e-09
359      23.243980  7.57173833e-10  4.15014385e-10  3.39304066e-09  1.15666634e-09
359      23.260647  8.68773833e-10  5.50816052e-10  3.56327416e-09  1.29200801e-09
359      23.277313  8.58573833e-10  4.99501885e-10  3.40085716e-09  1.26127467e-09
359      23.293980  6.36937167e-10  4.36991052e-10  3.37808466e-09  1.03636801e-09
359      23.310647  4.94577167e-10  3.68317218e-10  3.20296049e-09  8.72356336e-10
359      23.327313  4.84490500e-10  3.67396052e-10  3.34827199e-09  8.79083003e-10
359      23.343980  5.74287167e-10  3.77193218e-10  3.27428916e-09  9.60034671e-10
359      23.360647  7.32910500e-10  3.20921218e-10  3.32756999e-09  1.12161134e-09
359      23.377313  9.48772167e-10  1.58008218e-10  3.46631882e-09  1.34603634e-09
359      23.393980  1.11270383e-09  2.59157052e-10  3.55416982e-09  1.52256801e-09
359      23.410647  1.14169217e-09  3.14054718e-10  3.69890182e-09  1.57003134e-09
359      23.427314  1.20858217e-09  3.03039718e-10  3.82797466e-09  1.65093967e-09
359      23.443980  1.25443383e-09  3.49221552e-10  3.76858382e-09  1.69127467e-09
359      23.460647  1.53442050e-09  3.76176885e-10  3.77004966e-09  1.97033967e-09
359      23.477313  1.61838550e-09  4.01245718e-10  3.90737149e-09  2.07045967e-09
359      23.493980  1.79683883e-09  2.96894885e-10  3.96295599e-09  2.25024301e-09
359      23.510647  1.70038217e-09  3.74242052e-10  4.03878982e-09  2.16605801e-09
359      23.527313  1.90682550e-09  3.20870885e-10  4.03744299e-09  2.36890301e-09
359      23.543980  1.96900550e-09  2.79778052e-10  4.19324582e-09  2.44713467e-09
359      23.560647  1.91223717e-09  3.24118052e-10  4.23512382e-09  2.39723467e-09
359      23.577313  1.95477050e-09  3.03693052e-10  4.22497466e-09  2.43754134e-09
359      23.593980  1.90851217e-09  3.18170885e-10  4.14642849e-09  2.38306801e-09
359      23.610647  1.95619717e-09  3.00467385e-10  4.23985649e-09  2.44055301e-09
359      23.627313  2.01940050e-09  2.49213385e-10  4.14185299e-09  2.49012134e-09
359      23.643980  2.01730717e-09  1.50427552e-10  4.17184532e-09  2.48794634e-09
359      23.660646  2.22573550e-09  2.41368718e-10  4.15952616e-09  2.69670467e-09
359      23.677313  2.37964717e-09  2.75384052e-10  4.32727249e-09  2.87008967e-09
359      23.693979  2.90242050e-09  3.05474218e-10  4.52390432e-09  3.41282134e-09
359      23.710646  3.23635550e-09  4.34790052e-10  4.81784349e-09  3.78294634e-09
359      23.727313  3.35136550e-09  5.11323885e-10  4.96954782e-09  3.91739967e-09
359      23.743980  2.94764217e-09  5.15001218e-10  4.81272766e-09  3.49865634e-09
359      23.760646  1.77558383e-09  6.10598885e-10  3.96050449e-09  2.24019967e-09
359      23.777313 -5.25116668e-12  4.47489218e-10  2.61727799e-09  3.11409670e-10
359      23.793979 -1.43230617e-09  2.68585052e-10  1.17549399e-09 -1.27813699e-09
359      23.810645 -2.69023283e-09  1.89356552e-10  1.83283264e-11 -2.66329366e-09
359      23.827312 -3.22354283e-09  6.09477181e-11 -7.24708340e-10 -3.28310199e-09
359      23.843979 -3.12148283e-09  4.43921803e-12 -8.51627840e-10 -3.19848366e-09
359      23.860646 -2.88923117e-09 -4.74301152e-11 -6.41499007e-10 -2.94555699e-09
359      23.877313 -2.39456283e-09 -5.63181153e-11 -1.58866007e-10 -2.39912033e-09
359      23.893979 -1.56010783e-09 -4.59001153e-11  4.17306160e-10 -1.50390866e-09
359      23.910645 -8.56061167e-10 -2.32978197e-12  1.15861232e-09 -7.17860330e-10
359      23.927311 -2.08242833e-10  6.90508848e-11  1.86183699e-09  8.97466929e-12
359      23.943978  2.94120500e-10  6.93375515e-11  2.38544632e-09  5.68144670e-10
359      23.960645  1.20215217e-09  8.16015515e-11  3.19640066e-09  1.56360967e-09
359      23.977311  1.50069217e-09  1.30890052e-10  3.62936916e-09  1.91174467e-09
359      23.993005  1.89323352e-09  2.11880677e-10  4.00221925e-09  2.34741474e-09
