364       0.008670 -3.12047617e-09  6.49267005e-09  4.55420499e-09 -2.33829699e-09
364       0.025335 -3.16042117e-09  6.51868155e-09  4.49292766e-09 -2.38408699e-09
364       0.042003 -3.09321617e-09  6.53246038e-09  4.51792416e-09 -2.31399199e-09
364       0.058669 -2.95047950e-09  6.58394705e-09  4.64292166e-09 -2.15599533e-09
364       0.075336 -2.93997450e-09  6.67706838e-09  4.58243766e-09 -2.14918033e-09
364       0.092003 -2.95548117e-09  6.75621555e-09  4.48178232e-09 -2.17332199e-09
364       0.108669 -2.88729950e-09  6.86916105e-09  4.46197982e-09 -2.10384366e-09
364       0.125335 -3.05449783e-09  6.79136538e-09  4.33932916e-09 -2.28680866e-09
364       0.142003 -3.22081283e-09  6.76596921e-09  4.17649932e-09 -2.47162366e-09
364       0.158669 -3.31657950e-09  6.83098905e-09  4.13144549e-09 -2.56953033e-09
364       0.175336 -3.32077117e-09  6.63649105e-09  4.02367316e-09 -2.59320866e-09
364       0.192002 -3.20340450e-09  6.81160155e-09  3.95802282e-09 -2.47793533e-09
364       0.208669 -3.31932450e-09  6.80994338e-09  4.04393032e-09 -2.58313533e-09
364       0.225336 -3.34758783e-09  6.78387488e-09  4.04564366e-09 -2.61194366e-09
364       0.242003 -3.53114617e-09  6.79931938e-09  3.95003032e-09 -2.80463699e-09
364       0.258669 -3.52897950e-09  6.77825488e-09  3.94255349e-09 -2.80411533e-09
364       0.275334 -3.49689283e-09  6.75374888e-09  3.95239982e-09 -2.77201033e-09
364       0.292002 -3.64230283e-09  6.79325055e-09  3.97460182e-09 -2.91235533e-09
364       0.308669 -3.76572950e-09  6.72606521e-09  3.82770682e-09 -3.05427866e-09
364       0.325334 -3.92588950e-09  6.73004155e-09  3.67827982e-09 -3.23038866e-09
364       0.342001 -4.05448117e-09  6.68400655e-09  3.54498732e-09 -3.37509199e-09
364       0.358668 -4.18634283e-09  6.73433121e-09  3.52479916e-09 -3.50649866e-09
364       0.375334 -4.32919450e-09  6.69652371e-09  3.37921516e-09 -3.66649699e-09
364       0.392001 -4.35676950e-09  6.64044521e-09  3.32601882e-09 -3.70203866e-09
364       0.408668 -4.46361450e-09  6.56673855e-09  3.28323066e-09 -3.81571533e-09
364       0.425335 -4.54183783e-09  6.58309138e-09  3.21739149e-09 -3.90037866e-09
364       0.442001 -4.58419117e-09  6.56331355e-09  3.21938816e-09 -3.94290533e-09
364       0.458667 -4.60853783e-09  6.53715755e-09  3.24999332e-09 -3.96449199e-09
364       0.475334 -4.65668950e-09  6.48960938e-09  3.30898949e-09 -4.00720533e-09
364       0.492001 -4.70978117e-09  6.59006255e-09  3.30654199e-09 -4.05653366e-09
364       0.508668 -4.62962450e-09  6.60587038e-09  3.40602699e-09 -3.96488699e-09
364       0.525334 -4.69660450e-09  6.57059421e-09  3.38279049e-09 -4.03535033e-09
364       0.542000 -3.97382950e-09  6.49089305e-09  3.25811282e-09 -3.33515533e-09
364       0.558667 -4.83726783e-09  6.80976638e-09  3.12820616e-09 -4.19570866e-09
364       0.575334 -4.54256783e-09  6.76414788e-09  3.24278999e-09 -3.89159366e-09
364       0.592001 -4.23048283e-09  6.82706538e-09  3.05309949e-09 -3.60142866e-09
364       0.608667 -4.55878117e-09  6.79839538e-09  3.37356416e-09 -3.89133866e-09
364       0.625334 -4.50917283e-09  6.81943588e-09  3.44135299e-09 -3.83350533e-09
364       0.642001 -4.45070117e-09  6.89307421e-09  3.44366416e-09 -3.77252366e-09
364       0.658667 -4.38700783e-09  6.88281371e-09  3.40532299e-09 -3.71409699e-09
364       0.675334 -4.28220283e-09  7.07692238e-09  3.39338216e-09 -3.60440533e-09
364       0.692001 -4.21610283e-09  7.08966921e-09  3.45715716e-09 -3.53096199e-09
364       0.708667 -4.21015450e-09  7.14185988e-09  3.44742432e-09 -3.52428033e-09
364       0.725334 -4.21977450e-09  7.18276238e-09  3.43201549e-09 -3.53413699e-09
364       0.742000 -4.22217617e-09  7.16986738e-09  3.47941299e-09 -3.53149866e-09
364       0.758667 -4.14014117e-09  7.15452821e-09  3.54986149e-09 -3.44249033e-09
364       0.775334 -4.04746117e-09  7.07942155e-09  3.62939316e-09 -3.34403533e-09
364       0.792001 -3.90135450e-09  7.04207805e-09  3.76701216e-09 -3.18445533e-09
364       0.808667 -3.69772283e-09  7.02314205e-09  4.04767799e-09 -2.95057533e-09
364       0.825334 -3.63078617e-09  7.00377121e-09  4.13768182e-09 -2.87443866e-09
364       0.842001 -3.74371617e-09  7.07824605e-09  4.10427382e-09 -2.98770533e-09
364       0.858668 -3.57061950e-09  7.08124671e-09  4.09240949e-09 -2.81713699e-09
364       0.875334 -3.48719783e-09  7.09901455e-09  4.16255716e-09 -2.72557366e-09
364       0.892001 -3.48936617e-09  7.04014121e-09  4.23443499e-09 -2.72156033e-09
364       0.908667 -3.54604617e-09  7.22044038e-09  4.21705082e-09 -2.77329033e-09
364       0.925334 -3.49276117e-09  7.36753905e-09  4.35337216e-09 -2.69931699e-09
364       0.942001 -3.42828450e-09  7.35239205e-09  4.44488982e-09 -2.62528533e-09
364       0.958667 -3.44525783e-09  7.37108805e-09  4.50261982e-09 -2.63477199e-09
364       0.975333 -3.42716450e-09  7.33867255e-09  4.47714132e-09 -2.62093199e-09
364       0.992000 -3.40990450e-09  7.31347021e-09  4.49818882e-09 -2.60229366e-09
364       1.008667 -3.38002783e-09  7.29655138e-09  4.47633216e-09 -2.57577033e-09
364       1.025333 -3.35523117e-09  7.30716671e-09  4.50281399e-09 -2.54770199e-09
364       1.042000 -3.32553450e-09  7.33419238e-09  4.47251849e-09 -2.52073866e-09
364       1.058667 -3.32281450e-09  7.29819905e-09  4.52014282e-09 -2.51384866e-09
364       1.075334 -3.33311617e-09  7.29921655e-09  4.51322332e-09 -2.52484366e-09
364       1.092000 -3.48216950e-09  7.29806655e-09  4.38719932e-09 -2.68740366e-09
364       1.108667 -3.45394117e-09  7.30623655e-09  4.31891066e-09 -2.66697199e-09
364       1.125333 -3.56967117e-09  7.30957988e-09  4.25992399e-09 -2.78854533e-09
364       1.141999 -3.67282283e-09  7.28921855e-09  4.17486066e-09 -2.90151199e-09
364       1.158666 -3.91730617e-09  7.40866571e-09  3.94637316e-09 -3.16625866e-09
364       1.175333 -4.51249450e-09  7.58941938e-09  3.65734166e-09 -3.78389699e-09
364       1.191999 -4.71077117e-09  7.50922455e-09  3.58633616e-09 -3.99183033e-09
364       1.208665 -4.74988283e-09  7.59537305e-09  3.58925582e-09 -4.02718699e-09
364       1.225332 -4.82740450e-09  7.59059238e-09  3.44949049e-09 -4.12046699e-09
364       1.241999 -4.96201283e-09  7.64371321e-09  3.37858666e-09 -4.26034533e-09
364       1.258665 -4.95848617e-09  7.74851788e-09  3.21254299e-09 -4.27223033e-09
364       1.275332 -4.82501950e-09  7.78795821e-09  3.32070299e-09 -4.12581699e-09
364       1.291998 -4.77786950e-09  7.80267871e-09  3.39301732e-09 -4.07011533e-09
364       1.308666 -4.84663117e-09  7.84650088e-09  3.41920299e-09 -4.13376866e-09
364       1.325332 -4.78421283e-09  7.88381471e-09  3.35350132e-09 -4.07804699e-09
364       1.341998 -4.33140617e-09  8.09934605e-09  3.39362766e-09 -3.61609199e-09
364       1.358666 -4.23770450e-09  8.12383805e-09  3.45254932e-09 -3.51538533e-09
364       1.375332 -4.21598283e-09  8.23826771e-09  3.41616482e-09 -3.49387699e-09
364       1.391998 -4.34730783e-09  8.35745755e-09  3.30006166e-09 -3.63332199e-09
364       1.408665 -4.63260117e-09  8.46365921e-09  2.93446016e-09 -3.95489033e-09
364       1.425333 -5.09309450e-09  8.37395671e-09  2.62078232e-09 -4.45149033e-09
364       1.441998 -5.30366783e-09  8.32573688e-09  2.45175266e-09 -4.68179533e-09
364       1.458665 -5.35643617e-09  8.30170571e-09  2.45177166e-09 -4.73504699e-09
364       1.475331 -5.58734950e-09  8.20890338e-09  2.42910832e-09 -4.97024866e-09
364       1.491998 -5.81568117e-09  8.18785371e-09  2.15261782e-09 -5.22960033e-09
364       1.508665 -5.96625117e-09  8.22002805e-09  1.94701682e-09 -5.40164699e-09
364       1.525332 -6.11447950e-09  8.18588171e-09  1.87889182e-09 -5.55788366e-09
364       1.541997 -6.18096783e-09  8.17137405e-09  1.73983316e-09 -5.64047199e-09
364       1.558664 -6.24268283e-09  8.15728471e-09  1.63795116e-09 -5.71402033e-09
364       1.575331 -6.11296783e-09  8.13480905e-09  1.64643182e-09 -5.58509199e-09
364       1.591997 -6.15744783e-09  8.14470221e-09  1.73988316e-09 -5.61809866e-09
364       1.608664 -6.14660950e-09  8.36353655e-09  1.69638566e-09 -5.60440199e-09
364       1.625331 -5.80367617e-09  8.42675121e-09  1.77971432e-09 -5.25207699e-09
364       1.641997 -5.53764783e-09  8.49235271e-09  1.98633282e-09 -4.96176533e-09
364       1.658664 -5.32618783e-09  8.50323938e-09  2.21180366e-09 -4.72541866e-09
364       1.675331 -4.85882950e-09  8.65324371e-09  2.32677199e-09 -4.24276533e-09
364       1.691997 -4.56542950e-09  8.78740521e-09  2.32132232e-09 -3.94728699e-09
364       1.708663 -4.23922450e-09  8.84206538e-09  2.62032549e-09 -3.58695533e-09
364       1.725330 -4.13156783e-09  8.83773338e-09  2.73888599e-09 -3.46654866e-09
364       1.741997 -4.08739783e-09  8.72697355e-09  2.77376799e-09 -3.42269033e-09
364       1.758663 -3.97140117e-09  8.87629471e-09  2.85732349e-09 -3.29247199e-09
364       1.775330 -3.91772450e-09  8.83338705e-09  2.97459282e-09 -3.22721533e-09
364       1.791997 -3.88904117e-09  8.79821821e-09  3.05055649e-09 -3.19123866e-09
364       1.808664 -3.91156950e-09  8.67247471e-09  3.08535949e-09 -3.21414699e-09
364       1.825330 -3.84978950e-09  8.60418671e-09  3.19471132e-09 -3.14267199e-09
364       1.841996 -3.86362783e-09  8.46833921e-09  3.27594582e-09 -3.15196699e-09
364       1.858663 -3.85008783e-09  8.42872855e-09  3.24509732e-09 -3.14352199e-09
364       1.875330 -3.87583450e-09  8.22024321e-09  3.24688549e-09 -3.17644533e-09
364       1.891996 -3.95961283e-09  8.31199838e-09  3.23164849e-09 -3.25803699e-09
364       1.908663 -3.89618450e-09  8.34731121e-09  3.34429899e-09 -3.18077033e-09
364       1.925330 -3.84782950e-09  8.34770821e-09  3.27068666e-09 -3.14126699e-09
364       1.941997 -3.67576950e-09  8.45488688e-09  3.26483682e-09 -2.96725199e-09
364       1.958663 -3.44239283e-09  8.44912521e-09  3.35669916e-09 -2.72519699e-09
364       1.975330 -3.43448117e-09  8.28450038e-09  3.40416382e-09 -2.71783699e-09
364       1.991996 -3.72685283e-09  8.18212971e-09  3.44289982e-09 -3.00728866e-09
364       2.008663 -3.76760117e-09  8.16142388e-09  3.42420766e-09 -3.05065533e-09
364       2.025330 -3.81659283e-09  8.20592121e-09  3.52296899e-09 -3.08625533e-09
364       2.041996 -3.85552783e-09  8.16121321e-09  3.43948116e-09 -3.13617533e-09
364       2.058663 -3.85830783e-09  8.27780905e-09  3.44970316e-09 -3.13352866e-09
364       2.075330 -3.74568117e-09  8.39605355e-09  3.43845116e-09 -3.01873033e-09
364       2.091997 -3.68059283e-09  8.45386088e-09  3.34798949e-09 -2.96247366e-09
364       2.108663 -3.69006117e-09  8.51575405e-09  3.33858132e-09 -2.97071366e-09
364       2.125330 -3.65892450e-09  8.41099555e-09  3.32663582e-09 -2.94498366e-09
364       2.141996 -3.61586283e-09  8.39691288e-09  3.42280082e-09 -2.89164866e-09
364       2.158663 -3.63645950e-09  8.27475205e-09  3.42862849e-09 -2.91585533e-09
364       2.175330 -3.81572950e-09  8.36154788e-09  3.43382649e-09 -3.09005366e-09
364       2.191996 -3.82914283e-09  8.35187888e-09  3.36391799e-09 -3.11179699e-09
364       2.208663 -3.82865783e-09  8.37832688e-09  3.23971032e-09 -3.12469866e-09
364       2.225330 -3.95125950e-09  8.42213588e-09  3.15087182e-09 -3.25506366e-09
364       2.241996 -4.09670783e-09  8.50496038e-09  3.05892366e-09 -3.40706699e-09
364       2.258662 -4.24008617e-09  8.50224038e-09  2.94581366e-09 -3.56255533e-09
364       2.275329 -4.30367950e-09  8.45650105e-09  2.81063832e-09 -3.64296033e-09
364       2.291995 -4.39641117e-09  8.44562188e-09  2.72624032e-09 -3.74515199e-09
364       2.308662 -4.54317117e-09  8.43281771e-09  2.50772099e-09 -3.91654866e-09
364       2.325329 -4.67500783e-09  8.37966655e-09  2.42303732e-09 -4.05911866e-09
364       2.341995 -4.70969283e-09  8.32641771e-09  2.35298816e-09 -4.10358033e-09
364       2.358662 -4.67726450e-09  8.36811121e-09  2.33341982e-09 -4.07213199e-09
364       2.375329 -4.68259783e-09  8.51644705e-09  2.41034116e-09 -4.06314533e-09
364       2.391996 -4.78307117e-09  8.56634705e-09  2.20661249e-09 -4.18461699e-09
364       2.408662 -4.78868117e-09  8.51536205e-09  2.25699866e-09 -4.18620199e-09
364       2.425328 -4.64886783e-09  8.55081538e-09  2.53084499e-09 -4.01450033e-09
364       2.441995 -4.61236283e-09  8.52020038e-09  2.62392749e-09 -3.96863199e-09
364       2.458662 -4.68503950e-09  8.63132155e-09  2.58626316e-09 -4.04107866e-09
364       2.475328 -4.64507117e-09  8.63980455e-09  3.29092482e-09 -3.91969033e-09
364       2.491995 -4.45536617e-09  8.64564355e-09  3.39853332e-09 -3.71873366e-09
364       2.508661 -4.47913783e-09  8.63925871e-09  3.41514499e-09 -3.74064699e-09
364       2.525328 -4.62882783e-09  8.68069138e-09  3.36395216e-09 -3.89363699e-09
364       2.541995 -4.48219450e-09  8.64319805e-09  3.35094599e-09 -3.75095866e-09
364       2.558661 -4.79738950e-09  8.71129705e-09  3.25896516e-09 -4.07198533e-09
364       2.575328 -4.63421450e-09  8.65965021e-09  3.24874099e-09 -3.91307366e-09
364       2.591994 -4.37884950e-09  8.78074905e-09  3.53442349e-09 -3.62217533e-09
364       2.608661 -4.35690783e-09  8.93138721e-09  3.41831749e-09 -3.60833033e-09
364       2.625328 -4.51053783e-09  9.12060105e-09  3.19982482e-09 -3.77920699e-09
364       2.641994 -4.53976783e-09  9.27110221e-09  3.13379199e-09 -3.81038366e-09
364       2.658661 -3.95743617e-09  9.30909005e-09  3.25821832e-09 -3.21657866e-09
364       2.675328 -3.48310117e-09  9.70308238e-09  3.24561199e-09 -2.73287699e-09
364       2.691994 -3.32409783e-09  9.60544888e-09  3.21414282e-09 -2.58221199e-09
364       2.708662 -3.49022450e-09  9.53032488e-09  2.99578216e-09 -2.77507533e-09
364       2.725327 -4.21067950e-09  9.35799905e-09  3.07255399e-09 -3.48762533e-09
364       2.741994 -4.65805950e-09  9.28261705e-09  2.86202749e-09 -3.95877533e-09
364       2.758661 -4.73251783e-09  9.30120055e-09  2.81367232e-09 -4.03759199e-09
364       2.775327 -4.68995783e-09  9.22345155e-09  2.96656282e-09 -3.98051533e-09
364       2.791995 -4.98489117e-09  9.19828805e-09  2.91224232e-09 -4.28046533e-09
364       2.808661 -5.09135950e-09  9.14931588e-09  2.83619049e-09 -4.39670199e-09
364       2.825327 -5.09906617e-09  9.22228921e-09  2.71038782e-09 -4.41624033e-09
364       2.841994 -5.18934117e-09  9.19086155e-09  2.70088016e-09 -4.50809533e-09
364       2.858661 -5.28026950e-09  9.22534355e-09  2.62291649e-09 -4.60611866e-09
364       2.875327 -5.30782450e-09  9.13598421e-09  2.59340382e-09 -4.64012366e-09
364       2.891994 -5.29337117e-09  9.19737371e-09  2.50913832e-09 -4.63328533e-09
364       2.908659 -5.36714283e-09  9.31220438e-09  2.47112632e-09 -4.70671866e-09
364       2.925326 -5.39256450e-09  9.40168105e-09  2.44866082e-09 -4.73130366e-09
364       2.941993 -5.39957950e-09  9.39231805e-09  2.32816766e-09 -4.75251533e-09
364       2.958660 -5.34009617e-09  9.41601688e-09  2.27324082e-09 -4.69896366e-09
364       2.975326 -5.35559450e-09  9.37703838e-09  2.24407766e-09 -4.71912033e-09
364       2.991993 -5.51142783e-09  9.33405921e-09  2.12872899e-09 -4.88869366e-09
364       3.008660 -5.55566783e-09  9.37721271e-09  2.07165249e-09 -4.93764033e-09
364       3.025326 -5.59879283e-09  9.32998405e-09  2.11773699e-09 -4.97683866e-09
364       3.041993 -5.68119283e-09  9.32369421e-09  2.02055782e-09 -5.07008533e-09
364       3.058659 -5.65094783e-09  9.30275988e-09  1.99878016e-09 -5.04334033e-09
364       3.075326 -5.69005117e-09  9.35644988e-09  2.04587316e-09 -5.07476033e-09
364       3.091992 -5.81542617e-09  9.44826205e-09  1.88670466e-09 -5.21426699e-09
364       3.108659 -5.62646617e-09  9.46099655e-09  1.85204132e-09 -5.03023199e-09
364       3.125326 -5.29600950e-09  9.34079655e-09  2.11592866e-09 -4.67610033e-09
364       3.141992 -5.35631617e-09  9.47374688e-09  2.26810882e-09 -4.71355033e-09
364       3.158658 -5.43338450e-09  9.58777388e-09  2.23443549e-09 -4.78980199e-09
364       3.175326 -5.13276783e-09  9.51688821e-09  2.61275349e-09 -4.45027699e-09
364       3.191992 -5.38079950e-09  9.47345638e-09  2.49157416e-09 -4.71205033e-09
364       3.208659 -5.38688783e-09  9.48069588e-09  2.38374082e-09 -4.73029199e-09
364       3.225325 -4.97846950e-09  9.44692371e-09  2.67759266e-09 -4.29216199e-09
364       3.241992 -4.88100117e-09  9.50924921e-09  2.78174416e-09 -4.18111199e-09
364       3.258659 -5.06982783e-09  9.55444438e-09  2.57349216e-09 -4.39096699e-09
364       3.275325 -4.57714950e-09  9.43398638e-09  3.03106282e-09 -3.85343033e-09
364       3.291992 -4.72164117e-09  9.53954221e-09  2.96287299e-09 -4.00089866e-09
364       3.308659 -4.72252283e-09  9.49564138e-09  2.87168566e-09 -4.01390533e-09
364       3.325325 -4.46863950e-09  9.42279488e-09  3.10740166e-09 -3.73729866e-09
364       3.341993 -4.28819450e-09  9.51580338e-09  3.31138016e-09 -3.53124199e-09
364       3.358658 -4.29282617e-09  9.57321838e-09  3.26986149e-09 -3.53855033e-09
364       3.375326 -4.13970617e-09  9.44067221e-09  3.47014832e-09 -3.36824199e-09
364       3.391992 -4.44403283e-09  9.45564705e-09  3.36880016e-09 -3.68149199e-09
364       3.408658 -4.24986117e-09  9.54139355e-09  3.31461066e-09 -3.49189366e-09
364       3.425325 -3.88419283e-09  9.50011921e-09  3.43036649e-09 -3.11704199e-09
364       3.441991 -3.73233617e-09  9.43407471e-09  3.72685266e-09 -2.93444366e-09
364       3.458658 -4.44619950e-09  9.71966071e-09  2.98106132e-09 -3.71883199e-09
364       3.475325 -3.84818117e-09  9.68779705e-09  3.21598566e-09 -3.09924033e-09
364       3.491992 -3.24329283e-09  9.54077421e-09  3.89873349e-09 -2.42527199e-09
364       3.508659 -3.72283783e-09  9.68959588e-09  3.71643499e-09 -2.91693866e-09
364       3.525326 -3.92820617e-09  9.72767421e-09  3.35414349e-09 -3.16126366e-09
364       3.541992 -3.24864783e-09  9.52698971e-09  3.81950449e-09 -2.44024866e-09
364       3.558659 -3.24017117e-09  9.58082221e-09  4.00428682e-09 -2.40851033e-09
364       3.575325 -3.49210283e-09  9.74874055e-09  3.64671832e-09 -2.69380366e-09
364       3.591992 -3.02542617e-09  9.79908305e-09  3.76042632e-09 -2.21559699e-09
364       3.608659 -2.77070950e-09  9.86237938e-09  4.02906249e-09 -1.92941866e-09
364       3.625325 -2.98754117e-09  9.87974155e-09  3.94411366e-09 -2.15383866e-09
364       3.641992 -2.94148783e-09  9.84021321e-09  3.96895999e-09 -2.10668366e-09
364       3.658658 -2.91642617e-09  9.90141138e-09  3.83879749e-09 -2.09463199e-09
364       3.675325 -2.89739783e-09  9.96988605e-09  3.77825682e-09 -2.08024366e-09
364       3.691992 -2.87936450e-09  1.00554126e-08  3.88976466e-09 -2.04634699e-09
364       3.708658 -2.82007617e-09  1.00484964e-08  3.72578882e-09 -2.00669366e-09
364       3.725325 -3.15295617e-09  1.00300542e-08  3.50398449e-09 -2.36343533e-09
364       3.741991 -3.40870450e-09  9.88272021e-09  3.38245816e-09 -2.63668033e-09
364       3.758658 -3.52692117e-09  9.76179621e-09  3.08319182e-09 -2.79300366e-09
364       3.775324 -3.71796450e-09  9.74983621e-09  2.94642099e-09 -2.99886033e-09
364       3.791991 -3.90768283e-09  9.71398355e-09  2.79968932e-09 -3.20544866e-09
364       3.808657 -3.92810283e-09  9.73563321e-09  2.61363816e-09 -3.24642866e-09
364       3.825324 -4.07873783e-09  9.82626321e-09  2.45580599e-09 -3.41087533e-09
364       3.841990 -4.14710950e-09  9.88589971e-09  2.26503332e-09 -3.49861866e-09
364       3.858657 -4.17766783e-09  9.96289872e-09  2.16938032e-09 -3.53720366e-09
364       3.875323 -4.28793283e-09  1.00146557e-08  2.06142332e-09 -3.65723866e-09
364       3.891990 -4.21100283e-09  1.02060756e-08  2.00652899e-09 -3.58026866e-09
364       3.908656 -4.02715117e-09  1.03384691e-08  2.12948399e-09 -3.37874199e-09
364       3.925324 -3.71365617e-09  1.03142526e-08  2.28339282e-09 -3.05065866e-09
364       3.941990 -3.71845617e-09  1.04017567e-08  2.38747649e-09 -3.04022533e-09
364       3.958656 -3.66830950e-09  1.03878749e-08  2.38504849e-09 -2.99122533e-09
364       3.975323 -3.67632450e-09  1.04244967e-08  2.43589182e-09 -2.99197033e-09
364       3.991989 -3.30586117e-09  1.05425736e-08  2.41664166e-09 -2.62216866e-09
364       4.008656 -3.07638283e-09  1.06465679e-08  2.04789966e-09 -2.43318366e-09
364       4.025323 -2.99256450e-09  1.06022734e-08  2.23359032e-09 -2.33015033e-09
364       4.041990 -2.89536283e-09  1.06145727e-08  2.34781249e-09 -2.22001533e-09
364       4.058657 -2.89685617e-09  1.06556019e-08  2.27676332e-09 -2.22822033e-09
364       4.075323 -2.88670950e-09  1.03509544e-08  2.47154799e-09 -2.20673699e-09
364       4.091990 -2.93705950e-09  1.02926486e-08  2.63394999e-09 -2.24007866e-09
364       4.108657 -3.05319117e-09  1.02282572e-08  2.72001516e-09 -2.34773699e-09
364       4.125323 -3.28375950e-09  1.01146096e-08  2.65915366e-09 -2.58778199e-09
364       4.141990 -3.32076617e-09  1.01487041e-08  2.42885582e-09 -2.64988533e-09
364       4.158656 -2.88679117e-09  1.01769897e-08  2.45317932e-09 -2.21526699e-09
364       4.175323 -2.67774117e-09  1.01419621e-08  2.69427749e-09 -1.98116866e-09
364       4.191990 -2.35088950e-09  1.01672046e-08  2.96686182e-09 -1.62431866e-09
364       4.208656 -2.54661783e-09  1.03657844e-08  2.56735799e-09 -1.85754033e-09
364       4.225322 -2.46121117e-09  1.02383116e-08  2.65968799e-09 -1.76673199e-09
364       4.241990 -1.77757450e-09  1.03035941e-08  3.14200849e-09 -1.03003033e-09
364       4.258656 -1.79715617e-09  1.03904924e-08  3.11565599e-09 -1.04935033e-09
364       4.275323 -1.36378783e-09  1.03229437e-08  3.46900982e-09 -5.80808664e-10
364       4.291989 -1.81769950e-09  1.03672646e-08  3.39203832e-09 -1.03866366e-09
364       4.308655 -1.71622450e-09  1.04503337e-08  3.19779782e-09 -9.57358662e-10
364       4.325322 -1.32437117e-09  1.02085287e-08  3.57541316e-09 -5.33550331e-10
364       4.341989 -1.52349617e-09  1.03025367e-08  3.47958832e-09 -7.38860331e-10
364       4.358655 -1.68373617e-09  1.02193526e-08  3.25040466e-09 -9.27416997e-10
364       4.375322 -1.48064117e-09  1.01428632e-08  3.44144982e-09 -7.06538664e-10
364       4.391988 -1.32139950e-09  1.02925906e-08  3.52815899e-09 -5.33005331e-10
364       4.408655 -1.40906283e-09  1.03691834e-08  3.35192766e-09 -6.37601997e-10
364       4.425321 -1.18996450e-09  1.03451499e-08  3.41444599e-09 -4.13768664e-10
364       4.441988 -1.27230617e-09  1.02965289e-08  3.33029532e-09 -5.06990331e-10
364       4.458655 -1.45453950e-09  1.03317671e-08  3.12639416e-09 -7.10156997e-10
364       4.475322 -1.32474450e-09  1.04204337e-08  2.96895032e-09 -5.96280331e-10
364       4.491988 -1.16052783e-09  1.03763039e-08  3.21416216e-09 -4.06546997e-10
364       4.508655 -1.16552450e-09  1.05169861e-08  3.16468816e-09 -4.12111997e-10
364       4.525321 -1.26299450e-09  1.04112326e-08  2.94322016e-09 -5.38283664e-10
364       4.541988 -1.11868283e-09  1.03713214e-08  3.08041316e-09 -3.80648664e-10
364       4.558654 -1.21288950e-09  1.03867236e-08  2.91340516e-09 -4.92891997e-10
364       4.575321 -1.46681283e-09  1.03268849e-08  2.80302816e-09 -7.59861997e-10
364       4.591987 -1.37438450e-09  1.02479869e-08  2.88094466e-09 -6.61988664e-10
364       4.608654 -1.46854117e-09  1.03370202e-08  2.77270649e-09 -7.64726997e-10
364       4.625320 -1.39405450e-09  1.04520192e-08  2.65395399e-09 -7.00316997e-10
364       4.641987 -1.17168783e-09  1.04326654e-08  2.85595082e-09 -4.56951997e-10
364       4.658654 -1.14767617e-09  1.04488542e-08  2.89356982e-09 -4.28176997e-10
364       4.675321 -1.18344450e-09  1.03396416e-08  2.78785316e-09 -4.79868664e-10
364       4.691987 -9.57697833e-10  1.02759449e-08  2.92177566e-09 -2.42648664e-10
364       4.708654 -9.51581167e-10  1.02658564e-08  3.00689516e-09 -2.27095331e-10
364       4.725320 -1.53356617e-09  1.01268689e-08  2.85327616e-09 -8.27603663e-10
364       4.741988 -1.71213283e-09  9.92481756e-09  2.75314299e-09 -1.02376866e-09
364       4.758655 -2.26133617e-09  9.60955221e-09  2.67932449e-09 -1.58891699e-09
364       4.775321 -2.31930450e-09  9.64414271e-09  2.46061516e-09 -1.67046033e-09
364       4.791988 -2.26302117e-09  9.71247388e-09  2.40600966e-09 -1.61841533e-09
364       4.808654 -2.47015617e-09  9.74776171e-09  2.24141166e-09 -1.84175533e-09
364       4.825321 -2.64494283e-09  9.68215721e-09  2.14682282e-09 -2.02855866e-09
364       4.841987 -2.67689617e-09  9.57635621e-09  2.25018749e-09 -2.05219366e-09
364       4.858654 -2.91729617e-09  9.69078955e-09  1.88621866e-09 -2.32869533e-09
364       4.875320 -3.14726283e-09  9.60899221e-09  1.75474549e-09 -2.57512866e-09
364       4.891988 -2.96353117e-09  9.69841655e-09  1.64036349e-09 -2.40270199e-09
364       4.908654 -2.94310950e-09  9.86809671e-09  1.56829416e-09 -2.38459033e-09
364       4.925320 -2.80492783e-09  9.96153872e-09  1.56354416e-09 -2.24458199e-09
364       4.941987 -2.66676283e-09  1.00234561e-08  1.58934949e-09 -2.10220033e-09
364       4.958653 -2.96257117e-09  9.92119688e-09  1.47880349e-09 -2.41232199e-09
364       4.975320 -3.05749950e-09  1.00409879e-08  1.30500216e-09 -2.52225199e-09
364       4.991988 -3.05219950e-09  1.00826697e-08  1.32598732e-09 -2.51305366e-09
364       5.008654 -3.12296950e-09  1.01036814e-08  1.37354549e-09 -2.57705533e-09
364       5.025321 -3.09931450e-09  1.01095094e-08  1.50416649e-09 -2.53827533e-09
364       5.041987 -3.06052617e-09  1.01423682e-08  1.54201416e-09 -2.49420533e-09
364       5.058654 -3.20323783e-09  1.00744887e-08  1.32047949e-09 -2.66392199e-09
364       5.075320 -3.38099117e-09  1.00892501e-08  1.16400682e-09 -2.85789533e-09
364       5.091986 -3.51620450e-09  1.00787847e-08  9.79568659e-10 -3.01379866e-09
364       5.108653 -3.59585950e-09  1.01359172e-08  8.32172160e-10 -3.10781033e-09
364       5.125319 -3.59943283e-09  1.01257574e-08  7.90506160e-10 -3.11652866e-09
364       5.141986 -3.62303117e-09  1.00983501e-08  7.73865826e-10 -3.14286699e-09
364       5.158652 -3.62186617e-09  1.00768697e-08  7.44918493e-10 -3.14583866e-09
364       5.175320 -3.68514617e-09  1.00753119e-08  8.28421493e-10 -3.19907699e-09
364       5.191986 -3.80881950e-09  1.00450784e-08  7.54993160e-10 -3.33141699e-09
364       5.208653 -3.93357450e-09  9.96226839e-09  8.21190493e-10 -3.45062366e-09
364       5.225320 -3.84344783e-09  9.98410472e-09  7.65877493e-10 -3.36675199e-09
364       5.241986 -3.77718450e-09  1.00759389e-08  8.01575160e-10 -3.29350699e-09
364       5.258653 -3.81552117e-09  1.00892941e-08  7.04028826e-10 -3.34235199e-09
364       5.275319 -3.86303450e-09  1.01735574e-08  6.26381826e-10 -3.39541033e-09
364       5.291986 -3.79757617e-09  1.02881101e-08  5.06541660e-10 -3.34010366e-09
364       5.308652 -3.82734783e-09  1.02849486e-08  5.18662660e-10 -3.36837033e-09
364       5.325319 -3.87798283e-09  1.02395584e-08  4.39118160e-10 -3.42947366e-09
364       5.341985 -3.92889283e-09  1.02552982e-08  4.59963660e-10 -3.47703033e-09
364       5.358652 -3.81707117e-09  1.03349376e-08  4.88756993e-10 -3.35981033e-09
364       5.375320 -3.76446783e-09  1.04439862e-08  4.35393493e-10 -3.30979033e-09
364       5.391986 -3.85944117e-09  1.05096876e-08  5.66769826e-10 -3.38650199e-09
364       5.408652 -3.77058450e-09  1.04915771e-08  5.19049493e-10 -3.30448033e-09
364       5.425319 -3.61580283e-09  1.04977441e-08  4.61510493e-10 -3.15724866e-09
364       5.441986 -3.50535783e-09  1.04515649e-08  5.74997826e-10 -3.03617866e-09
364       5.458653 -3.61029450e-09  1.04507939e-08  6.55036493e-10 -3.13113699e-09
364       5.475319 -3.62085783e-09  1.03595551e-08  5.77860993e-10 -3.15385699e-09
364       5.491986 -3.62475950e-09  1.03132197e-08  7.42146160e-10 -3.14044366e-09
364       5.508653 -3.50865950e-09  1.03878471e-08  8.31979493e-10 -3.01210533e-09
364       5.525319 -3.43389950e-09  1.04717872e-08  7.09431326e-10 -2.94900366e-09
364       5.541986 -3.37837617e-09  1.04661486e-08  7.36284326e-10 -2.89099199e-09
364       5.558653 -3.40761117e-09  1.04693682e-08  8.30030326e-10 -2.90907533e-09
364       5.575319 -3.31564283e-09  1.05770291e-08  9.04761493e-10 -2.80522366e-09
364       5.591986 -3.22537783e-09  1.06198164e-08  9.24391826e-10 -2.71179533e-09
364       5.608652 -3.03953283e-09  1.06985454e-08  1.00802699e-09 -2.51481199e-09
364       5.625318 -2.93914783e-09  1.07260039e-08  1.11779816e-09 -2.40148033e-09
364       5.641985 -2.86419617e-09  1.07588364e-08  1.14515816e-09 -2.32273699e-09
364       5.658651 -2.74070950e-09  1.07684947e-08  1.17121949e-09 -2.19678866e-09
364       5.675318 -2.69318783e-09  1.08232284e-08  1.21278082e-09 -2.14282366e-09
364       5.691984 -2.67794617e-09  1.09803089e-08  1.17603632e-09 -2.12623033e-09
364       5.708651 -2.70827617e-09  1.10811289e-08  1.07433882e-09 -2.16441033e-09
364       5.725317 -2.84721117e-09  1.11271664e-08  9.88890325e-10 -2.31051866e-09
364       5.741984 -2.93538617e-09  1.11806484e-08  8.48425159e-10 -2.41231699e-09
364       5.758650 -2.88227950e-09  1.12018562e-08  7.42750660e-10 -2.37102699e-09
364       5.775317 -2.97877450e-09  1.11617724e-08  6.06512326e-10 -2.48399199e-09
364       5.791984 -3.05271283e-09  1.13933656e-08  2.49542493e-10 -2.59018366e-09
364       5.808650 -2.89035283e-09  1.15217374e-08  2.59506326e-10 -2.42319699e-09
364       5.825317 -2.77522283e-09  1.15847169e-08  4.17941993e-10 -2.28833033e-09
364       5.841984 -2.69577950e-09  1.16847997e-08  4.59414493e-10 -2.20103199e-09
364       5.858650 -2.40129283e-09  1.17414807e-08  5.61494993e-10 -1.89486699e-09
364       5.875317 -2.15152783e-09  1.17564567e-08  4.74061826e-10 -1.65649533e-09
364       5.891984 -2.02168617e-09  1.17967022e-08  7.39844826e-10 -1.49544033e-09
364       5.908650 -1.89655617e-09  1.19162514e-08  8.21713493e-10 -1.35742866e-09
364       5.925317 -1.31637450e-09  1.20081306e-08  1.01260949e-09 -7.56123664e-10
364       5.941983 -1.11173283e-09  1.19833807e-08  1.24359332e-09 -5.27231997e-10
364       5.958650 -1.09647117e-09  1.20219592e-08  1.28598932e-09 -5.05786997e-10
364       5.975317 -8.97294500e-10  1.21283006e-08  1.32206232e-09 -3.00035331e-10
364       5.991983 -5.48396167e-10  1.21580434e-08  1.47251849e-09  6.47530026e-11
364       6.008650 -4.45991167e-10  1.21342264e-08  1.58798166e-09  1.78869669e-10
364       6.025316 -3.51032833e-10  1.22056681e-08  1.60139749e-09  2.77289669e-10
364       6.041983 -3.99071167e-10  1.22172577e-08  1.75746749e-09  2.48056336e-10
364       6.058650 -7.64677833e-10  1.24173396e-08  1.42388599e-09 -1.46103664e-10
364       6.075316 -1.13968783e-09  1.26125804e-08  7.76792826e-10 -5.85960331e-10
364       6.091983 -1.20804617e-09  1.28192779e-08  3.90740326e-10 -6.90856997e-10
364       6.108649 -1.44620283e-09  1.28326747e-08  1.98356160e-10 -9.49000330e-10
364       6.125316 -1.65798950e-09  1.28873091e-08 -2.79327840e-10 -1.21237699e-09
364       6.141984 -1.80821950e-09  1.30965691e-08 -5.53697007e-10 -1.38554033e-09
364       6.158650 -1.69275450e-09  1.33483437e-08 -7.50436340e-10 -1.28447366e-09
364       6.175317 -1.32934950e-09  1.34914391e-08 -6.21427840e-10 -9.03645330e-10
364       6.191983 -9.72441167e-10  1.34411507e-08 -2.89513340e-10 -5.12860331e-10
364       6.208650 -7.46181167e-10  1.34920052e-08 -6.94043402e-11 -2.61016997e-10
364       6.225317 -5.12944500e-10  1.35701996e-08 -7.38965068e-11 -2.71503308e-11
364       6.241983 -4.79076167e-10  1.35786149e-08 -1.20237840e-10  1.42300257e-12
364       6.258650 -5.52974500e-10  1.36643012e-08 -2.47518507e-10 -8.35069974e-11
364       6.275317 -2.74009500e-10  1.37181342e-08 -1.26800174e-10  2.09308003e-10
364       6.291983  1.69687167e-10  1.37228949e-08  1.48247160e-10  6.81658003e-10
364       6.308649  3.72957167e-10  1.36941227e-08  3.31183993e-10  9.03508003e-10
364       6.325316  4.66510500e-10  1.37359439e-08  4.01942826e-10  1.00606300e-09
364       6.341982  5.90040500e-10  1.37323441e-08  3.71472326e-10  1.12503801e-09
364       6.358649  7.03962167e-10  1.37245639e-08  1.67991493e-10  1.21435467e-09
364       6.375316  8.21743833e-10  1.37702897e-08  1.74508660e-10  1.33368467e-09
364       6.391983  8.43142167e-10  1.37463026e-08  3.16895326e-10  1.37048634e-09
364       6.408649  8.61485500e-10  1.36783879e-08  3.58863160e-10  1.39106801e-09
364       6.425316  8.99623833e-10  1.37019887e-08  1.66862326e-10  1.40762467e-09
364       6.441983  9.02980500e-10  1.37472769e-08 -8.95628401e-11  1.38300634e-09
364       6.458649  9.13907167e-10  1.38071069e-08 -2.49984174e-10  1.37750967e-09
364       6.475316  7.41407167e-10  1.38025614e-08 -2.42895340e-10  1.20693134e-09
364       6.491983  4.49587167e-10  1.37628041e-08 -8.17508507e-10  8.49483003e-10
364       6.508648  4.68708833e-10  1.38177312e-08 -9.00402507e-10  8.60906336e-10
364       6.525315  3.27855500e-10  1.38074361e-08 -1.12154551e-09  6.95191336e-10
364       6.541981  3.03621665e-11  1.40048186e-08 -1.68282868e-09  3.42301336e-10
364       6.558649 -1.22276167e-10  1.40590086e-08 -2.05273701e-09  1.50064669e-10
364       6.575315 -2.60084500e-10  1.41942047e-08 -2.36479051e-09 -1.78069974e-11
364       6.591982 -4.70737833e-10  1.42400131e-08 -2.77772218e-09 -2.72875331e-10
364       6.608648 -5.92717833e-10  1.44903239e-08 -2.92585251e-09 -4.01928664e-10
364       6.625315 -5.94397833e-10  1.45947606e-08 -3.21242684e-09 -4.32841997e-10
364       6.641981 -7.25906167e-10  1.47095987e-08 -3.45690618e-09 -5.87403664e-10
364       6.658648 -7.73939500e-10  1.47973332e-08 -3.59992018e-09 -6.48386997e-10
364       6.675314 -7.28769500e-10  1.48986041e-08 -3.66099284e-09 -6.06903664e-10
364       6.691982 -5.31304500e-10  1.50558667e-08 -3.59366868e-09 -3.97368664e-10
364       6.708648 -4.07704500e-10  1.51187472e-08 -3.63577584e-09 -2.77245331e-10
364       6.725314 -2.78194500e-10  1.52232484e-08 -3.45024684e-09 -1.23473664e-10
364       6.741981 -1.21907833e-10  1.52932652e-08 -3.42870484e-09  3.67030026e-11
364       6.758648  5.00988332e-11  1.54594069e-08 -3.34686968e-09  2.22943003e-10
364       6.775314  1.63568833e-10  1.56723191e-08 -3.21616184e-09  3.58434669e-10
364       6.791981  3.41053833e-10  1.57561841e-08 -3.25159418e-09  5.33578003e-10
364       6.808648  4.39622167e-10  1.59487721e-08 -3.13293368e-09  6.52149669e-10
364       6.825315  5.95740500e-10  1.60431159e-08 -3.08071768e-09  8.16583003e-10
364       6.841981  7.22625500e-10  1.61378657e-08 -3.10738251e-09  9.42919671e-10
364       6.858647  7.93202167e-10  1.62809751e-08 -3.20454834e-09  1.00698967e-09
364       6.875314  7.91795500e-10  1.64309417e-08 -2.94931968e-09  1.04051967e-09
364       6.891981  9.58102167e-10  1.63512544e-08 -3.05522101e-09  1.19046967e-09
364       6.908648  1.07990383e-09  1.66255486e-08 -3.00194701e-09  1.32753634e-09
364       6.925315  1.20147217e-09  1.66768914e-08 -2.92001618e-09  1.45954634e-09
364       6.941981  1.26736550e-09  1.67416722e-08 -2.72530968e-09  1.54978301e-09
364       6.958648  1.28276883e-09  1.68540664e-08 -2.67291684e-09  1.57521467e-09
364       6.975314  1.35142883e-09  1.68786197e-08 -2.66347118e-09  1.64537301e-09
364       6.991980  1.44988883e-09  1.70258601e-08 -2.68871134e-09  1.74556634e-09
364       7.008647  1.49456217e-09  1.71168757e-08 -2.77196384e-09  1.78363801e-09
364       7.025314  1.45470550e-09  1.71284567e-08 -2.91596134e-09  1.72786801e-09
364       7.041980  1.45492883e-09  1.71840469e-08 -2.88333168e-09  1.73388967e-09
364       7.058647  1.35705883e-09  1.72781272e-08 -2.98109884e-09  1.62890301e-09
364       7.075312  1.38919050e-09  1.74286246e-08 -3.06649501e-09  1.65645134e-09
364       7.091980  1.31750383e-09  1.75238837e-08 -3.14547251e-09  1.57964967e-09
364       7.108647  1.18277383e-09  1.75108596e-08 -3.26090234e-09  1.43211634e-09
364       7.125313  1.22377717e-09  1.75109309e-08 -3.22766868e-09  1.47665967e-09
364       7.141979  1.14744050e-09  1.76378161e-08 -3.03542984e-09  1.42770134e-09
364       7.158646  1.16240550e-09  1.77662249e-08 -3.02948768e-09  1.44793801e-09
364       7.175313  1.26517550e-09  1.79146751e-08 -3.09029618e-09  1.54834301e-09
364       7.191979  1.20307883e-09  1.79470679e-08 -3.16670834e-09  1.47908134e-09
364       7.208646  1.17264717e-09  1.80457101e-08 -3.21585618e-09  1.44681134e-09
364       7.225312  1.25095217e-09  1.81257549e-08 -3.23622684e-09  1.52512134e-09
364       7.241979  1.37768883e-09  1.81315999e-08 -3.15013984e-09  1.66105634e-09
364       7.258646  1.58543217e-09  1.81811807e-08 -3.07948951e-09  1.87723967e-09
364       7.275313  1.64361883e-09  1.82684681e-08 -2.87945084e-09  1.96126634e-09
364       7.291980  1.57223383e-09  1.81922486e-08 -2.78887251e-09  1.89807967e-09
364       7.308646  1.67162217e-09  1.81311556e-08 -2.66344484e-09  2.00896634e-09
364       7.325312  1.76252050e-09  1.82754614e-08 -2.63510651e-09  2.10774801e-09
364       7.341978  1.89092050e-09  1.82997204e-08 -2.46030834e-09  2.25625467e-09
364       7.358645  1.94086883e-09  1.82661137e-08 -2.33199818e-09  2.31940967e-09
364       7.375312  1.99460050e-09  1.82743742e-08 -2.42632918e-09  2.36216801e-09
364       7.391979  1.88798050e-09  1.84630936e-08 -3.08761834e-09  2.18696467e-09
364       7.408646  2.08919550e-09  1.82721101e-08 -2.25572184e-09  2.47566801e-09
364       7.425312  2.11870883e-09  1.83510152e-08 -2.07826218e-09  2.52831634e-09
364       7.441979  2.44075883e-09  1.83125851e-08 -2.06193534e-09  2.84848634e-09
364       7.458646  1.48858717e-09  1.79900166e-08 -2.08780718e-09  1.88854134e-09
364       7.475312  1.38411050e-09  1.78531181e-08 -2.01492201e-09  1.78822634e-09
364       7.491978  1.28855050e-09  1.77814556e-08 -1.94573334e-09  1.69873634e-09
364       7.508645  1.32845717e-09  1.77268419e-08 -1.81556484e-09  1.75137801e-09
364       7.525311  1.33338717e-09  1.78069792e-08 -1.71120651e-09  1.77124467e-09
364       7.541979  1.40681383e-09  1.78359526e-08 -1.84043251e-09  1.83028467e-09
364       7.558645  1.63572383e-09  1.78637421e-08 -1.86846118e-09  2.05529301e-09
364       7.575312  1.71751050e-09  1.77870356e-08 -1.67439134e-09  2.15605801e-09
364       7.591979  1.85741883e-09  1.77495557e-08 -1.56587301e-09  2.30609801e-09
364       7.608646  2.05751717e-09  1.75552391e-08 -1.41560434e-09  2.51497301e-09
364       7.625312  2.32650217e-09  1.74091797e-08 -1.01195351e-09  2.82320634e-09
364       7.641979  2.55034050e-09  1.73898574e-08 -9.64818508e-10  3.05014301e-09
364       7.658645  2.82825383e-09  1.74622989e-08 -8.55123007e-10  3.34131467e-09
364       7.675312  2.85351050e-09  1.73110864e-08 -7.74869674e-10  3.37013301e-09
364       7.691978  2.81051550e-09  1.71957194e-08 -7.31165507e-10  3.32827467e-09
364       7.708645  2.73822050e-09  1.71455872e-08 -6.47475507e-10  3.26434134e-09
364       7.725312  2.88570550e-09  1.70701212e-08 -8.00306840e-10  3.39035134e-09
364       7.741979  2.75316217e-09  1.68995956e-08 -8.10236174e-10  3.25139467e-09
364       7.758645  2.47412383e-09  1.67892032e-08 -8.81296507e-10  2.96218634e-09
364       7.775312  2.28843050e-09  1.67584921e-08 -1.02615101e-09  2.76002301e-09
364       7.791978  2.21771550e-09  1.66566472e-08 -1.11835434e-09  2.67546467e-09
364       7.808645  2.19665383e-09  1.66592764e-08 -1.40570451e-09  2.62148967e-09
364       7.825312  2.14453717e-09  1.65050594e-08 -1.44577951e-09  2.55949634e-09
364       7.841978  2.21819050e-09  1.64635684e-08 -1.29601684e-09  2.64836967e-09
364       7.858644  2.28226217e-09  1.65047679e-08 -1.31654668e-09  2.71112467e-09
364       7.875311  2.39202717e-09  1.65731011e-08 -1.41402734e-09  2.81131467e-09
364       7.891978  2.43283383e-09  1.65191017e-08 -1.22283301e-09  2.87191967e-09
364       7.908644  2.48113383e-09  1.64019857e-08 -1.15861084e-09  2.92300634e-09
364       7.925310  2.38645550e-09  1.62790101e-08 -1.05409568e-09  2.83659801e-09
364       7.941977  2.43940883e-09  1.62874739e-08 -1.03260734e-09  2.89194967e-09
364       7.958644  2.48230717e-09  1.62916256e-08 -8.97706341e-10  2.95024801e-09
364       7.975310  2.40115550e-09  1.60491687e-08 -6.80974174e-10  2.88586467e-09
364       7.991977  2.39450217e-09  1.57986711e-08 -7.37515674e-10  2.86358467e-09
364       8.008643  1.95610050e-09  1.54832981e-08 -7.53378174e-10  2.41505967e-09
364       8.025311  2.12805217e-09  1.54875669e-08 -6.36612507e-10  2.59937967e-09
364       8.041977  2.02688050e-09  1.54935421e-08 -8.04240507e-10  2.47983134e-09
364       8.058644  1.98946050e-09  1.54293534e-08 -8.02364840e-10  2.44056134e-09
364       8.075310  1.85475050e-09  1.54998582e-08 -1.00510518e-09  2.28601634e-09
364       8.091977  1.94307717e-09  1.53690024e-08 -8.92362008e-10  2.38192134e-09
364       8.108644  2.43460050e-09  1.51060476e-08 -5.53099340e-10  2.89940134e-09
364       8.125310  2.48251550e-09  1.49226626e-08 -1.76771174e-10  2.98370467e-09
364       8.141977  2.60342717e-09  1.47971762e-08  1.26986599e-11  3.12102801e-09
364       8.158643  2.73273217e-09  1.46642399e-08  3.35068326e-10  3.28174301e-09
364       8.175310  2.68939050e-09  1.45757461e-08  2.31405660e-10  3.22352801e-09
364       8.191976  2.63754217e-09  1.46453657e-08  1.63328160e-10  3.16674301e-09
364       8.208644  2.90506217e-09  1.44659401e-08  3.23315826e-10  3.44422467e-09
364       8.225310  2.71394217e-09  1.43732431e-08  3.71623660e-10  3.25671301e-09
364       8.241977  2.05993383e-09  1.42364231e-08  3.62383160e-10  2.60145134e-09
364       8.258643  2.10640217e-09  1.40594116e-08  5.62013993e-10  2.66416801e-09
364       8.275309  1.96688550e-09  1.39388374e-08  4.90682493e-10  2.51304634e-09
364       8.291977  1.99220883e-09  1.39002871e-08  3.59197660e-10  2.52160134e-09
364       8.308643  1.96510717e-09  1.38554617e-08  7.52441826e-10  2.53846134e-09
364       8.325310  1.94901217e-09  1.38000321e-08  1.02820466e-09  2.55231301e-09
364       8.341976  1.78404050e-09  1.38284919e-08  1.20611332e-09  2.41013301e-09
364       8.358643  2.21106883e-09  1.36336921e-08  1.63090532e-09  2.87595134e-09
364       8.375310  2.86814883e-09  1.40783312e-08  2.13619199e-09  3.60276134e-09
364       8.391976  2.60626050e-09  1.41125361e-08  2.05268499e-09  3.33439967e-09
364       8.408642  2.33369550e-09  1.37984444e-08  1.99999066e-09  3.04631301e-09
364       8.425309  2.36632717e-09  1.36791184e-08  2.03604099e-09  3.07850634e-09
364       8.441976  2.67894383e-09  1.37207412e-08  2.23482982e-09  3.41330634e-09
364       8.458642  2.84723883e-09  1.33786621e-08  2.73235432e-09  3.62535134e-09
364       8.475309  3.22871550e-09  1.30630429e-08  3.20060032e-09  4.04661134e-09
364       8.491975  3.69273883e-09  1.27509849e-08  3.14661616e-09  4.48961801e-09
364       8.508642  4.00038883e-09  1.13784149e-08  3.31237116e-09  4.76418467e-09
364       8.525308  3.83475050e-09  1.02700807e-08  3.19361466e-09  4.54572967e-09
364       8.541975  3.44802550e-09  1.00113249e-08  2.90245366e-09  4.11881801e-09
364       8.558643  3.26899050e-09  9.93595405e-09  2.78838599e-09  3.92517301e-09
364       8.575309  3.28107383e-09  9.75056055e-09  2.96448016e-09  3.95078301e-09
364       8.591974  3.52680550e-09  9.81935288e-09  3.04779766e-09  4.20683134e-09
364       8.608641  3.86629217e-09  9.85365455e-09  3.38201599e-09  4.58366301e-09
364       8.625308  4.16518217e-09  9.72576871e-09  4.02543599e-09  4.95003467e-09
364       8.641975  4.58110217e-09  9.78495638e-09  4.29600249e-09  5.39629634e-09
364       8.658641  5.58755550e-09  9.90646505e-09  5.11697549e-09  6.49461134e-09
364       8.675308  6.46263217e-09  9.97065288e-09  5.94511149e-09  7.46127134e-09
364       8.691975  7.11636883e-09  1.01059794e-08  6.42060932e-09  8.17007134e-09
364       8.708641  7.76465717e-09  1.02658031e-08  6.38832599e-09  8.81565801e-09
364       8.725308  7.90286383e-09  1.05728904e-08  6.20853282e-09  8.94322467e-09
364       8.741974  8.01463217e-09  1.05235621e-08  5.93012449e-09  9.02020967e-09
364       8.758641  8.12152550e-09  1.05177896e-08  6.06897816e-09  9.14214801e-09
364       8.775308  7.79781717e-09  1.05394974e-08  6.28027249e-09  8.84604301e-09
364       8.791974  7.48022550e-09  1.03863871e-08  5.87509182e-09  8.47839134e-09
364       8.808641  7.38251883e-09  1.03170927e-08  5.73519166e-09  8.36272301e-09
364       8.825307  7.35773717e-09  1.05545687e-08  5.87395466e-09  8.36279134e-09
364       8.841974  7.32582550e-09  1.06057642e-08  5.49400566e-09  8.28906967e-09
364       8.858641  7.44209217e-09  1.06501121e-08  5.67242616e-09  8.42670967e-09
364       8.875308  7.62459050e-09  1.06875154e-08  5.59469782e-09  8.60024467e-09
364       8.891975  7.79994717e-09  1.11229257e-08  5.74667749e-09  8.80770134e-09
364       8.908641  7.85953050e-09  1.23676617e-08  6.07116849e-09  8.94964967e-09
364       8.925308  8.08889883e-09  1.25195736e-08  6.10729582e-09  9.18702467e-09
364       8.941974  8.59330217e-09  1.25907796e-08  6.38383982e-09  9.72227967e-09
364       8.958642  9.21990383e-09  1.25893931e-08  5.92572766e-09  1.02912997e-08
364       8.975308  8.77979050e-09  1.25207624e-08  6.09913032e-09  9.87193798e-09
364       8.991974  9.19428050e-09  1.26175067e-08  6.18419216e-09  1.02967280e-08
364       9.008641  9.62386217e-09  1.26335289e-08  6.14042532e-09  1.07186580e-08
364       9.025308  9.93897217e-09  1.26656692e-08  6.24421666e-09  1.10446113e-08
364       9.041974  1.01798822e-08  1.28466724e-08  6.33779466e-09  1.13011630e-08
364       9.058641  1.01976588e-08  1.28662214e-08  7.10436949e-09  1.14081113e-08
364       9.075308  1.03393888e-08  1.30078226e-08  7.26207249e-09  1.15721796e-08
364       9.091974  1.05110455e-08  1.30928181e-08  6.95505766e-09  1.17101863e-08
364       9.108641  1.08992955e-08  1.31431721e-08  6.86618582e-09  1.20871230e-08
364       9.125307  1.11216088e-08  1.32608602e-08  6.70414582e-09  1.22933630e-08
364       9.141974  1.07869072e-08  1.31555914e-08  6.66856616e-09  1.19531796e-08
364       9.158640  1.12133638e-08  1.31322566e-08  6.68218449e-09  1.23772196e-08
364       9.175307  1.12324405e-08  1.31499127e-08  6.65526866e-09  1.23936946e-08
364       9.191974  1.14976788e-08  1.33105671e-08  6.59477666e-09  1.26558296e-08
364       9.208640  1.16408205e-08  1.33806344e-08  6.82346149e-09  1.28269063e-08
364       9.225308  1.17268705e-08  1.33402571e-08  6.80787332e-09  1.29090396e-08
364       9.241973  1.19341872e-08  1.32647271e-08  7.18334466e-09  1.31554730e-08
364       9.258640  1.19032755e-08  1.39477597e-08  7.13379516e-09  1.31439513e-08
364       9.275307  1.17231855e-08  1.43335127e-08  7.03840582e-09  1.29682380e-08
364       9.291973  1.17076188e-08  1.43940997e-08  7.21235332e-09  1.29750880e-08
364       9.308640  1.17781172e-08  1.44662044e-08  7.42265499e-09  1.30720013e-08
364       9.325307  1.18015455e-08  1.45662029e-08  7.19099649e-09  1.30721313e-08
364       9.341973  1.20710188e-08  1.43237644e-08  6.70250982e-09  1.32743146e-08
364       9.358639  1.21873438e-08  1.41759746e-08  6.64474599e-09  1.33777263e-08
364       9.375306  1.23058005e-08  1.42521846e-08  6.33595832e-09  1.34624080e-08
364       9.391973  1.22577472e-08  1.43061906e-08  6.26424699e-09  1.34083846e-08
364       9.408640  1.18212872e-08  1.41900819e-08  6.23985166e-09  1.29680913e-08
364       9.425306  1.17081355e-08  1.41292966e-08  5.95353332e-09  1.28204763e-08
364       9.441972  1.16550505e-08  1.41374204e-08  5.90735649e-09  1.27627480e-08
364       9.458640  1.16515722e-08  1.42405384e-08  5.85420832e-09  1.27569146e-08
364       9.475306  1.17652455e-08  1.42354827e-08  6.10884416e-09  1.28989763e-08
364       9.491972  1.15003938e-08  1.39554521e-08  5.84195166e-09  1.25950363e-08
364       9.508639  1.13152772e-08  1.38946366e-08  6.16709082e-09  1.24466363e-08
364       9.525306  1.12802005e-08  1.37811972e-08  6.11748549e-09  1.24019546e-08
364       9.541973  1.17189022e-08  1.38927869e-08  5.20308966e-09  1.27358313e-08
364       9.558639  1.22183855e-08  1.38840894e-08  5.26319699e-09  1.32382680e-08
364       9.575306  1.22276072e-08  1.38705957e-08  5.44827599e-09  1.32683013e-08
364       9.591972  1.23462722e-08  1.34580317e-08  5.11248799e-09  1.33322796e-08
364       9.608640  1.21151655e-08  1.33653231e-08  5.26789082e-09  1.31174530e-08
364       9.625306  1.21480288e-08  1.32671781e-08  4.97474532e-09  1.31126363e-08
364       9.641972  1.22940755e-08  1.34852554e-08  4.39518216e-09  1.31986013e-08
364       9.658640  1.18713988e-08  1.33911711e-08  4.33803132e-09  1.27690096e-08
364       9.675305  1.13970872e-08  1.32429474e-08  4.25098932e-09  1.22827280e-08
364       9.691972  1.05897622e-08  1.29744904e-08  3.98035866e-09  1.14403146e-08
364       9.708638  1.03349255e-08  1.28439337e-08  3.75319649e-09  1.11563513e-08
364       9.725305  1.06237188e-08  1.29278011e-08  3.36624782e-09  1.14013896e-08
364       9.741972  1.10537405e-08  1.31696146e-08  3.18177166e-09  1.18157463e-08
364       9.758639  1.12066805e-08  1.31129526e-08  3.32779666e-09  1.19823630e-08
364       9.775305  1.12266505e-08  1.30976621e-08  3.66254032e-09  1.20402896e-08
364       9.791971  1.14088272e-08  1.31127861e-08  4.09460332e-09  1.22715780e-08
364       9.808638  1.18278522e-08  1.31526337e-08  4.03427032e-09  1.26819996e-08
364       9.825305  1.21170772e-08  1.30506401e-08  4.24098932e-09  1.29892563e-08
364       9.841971  1.24219122e-08  1.33037564e-08  4.23314166e-09  1.33001663e-08
364       9.858638  1.24831822e-08  1.33241606e-08  4.02048032e-09  1.33371613e-08
364       9.875305  1.25619055e-08  1.33490744e-08  4.22010066e-09  1.34392646e-08
364       9.891971  1.28849988e-08  1.33344901e-08  4.22997682e-09  1.37605963e-08
364       9.908638  1.32175538e-08  1.32854191e-08  4.17009316e-09  1.40819980e-08
364       9.925304  1.35143372e-08  1.34106596e-08  4.18828232e-09  1.43832530e-08
364       9.941971  1.41195572e-08  1.29494662e-08  4.19712032e-09  1.49683046e-08
364       9.958637  1.35944672e-08  1.32486741e-08  4.04245399e-09  1.44400563e-08
364       9.975304  1.35650972e-08  1.37326462e-08  3.92710432e-09  1.44152330e-08
364       9.991971  1.33783738e-08  1.31989432e-08  4.01034132e-09  1.42200363e-08
364      10.008637  1.39143155e-08  1.32401581e-08  4.04186882e-09  1.47571780e-08
364      10.025304  1.41916005e-08  1.33011252e-08  4.08768382e-09  1.50399263e-08
364      10.041970  1.43504188e-08  1.32683356e-08  4.11415732e-09  1.51994480e-08
364      10.058637  1.45383688e-08  1.31612226e-08  4.18303449e-09  1.53900730e-08
364      10.075303  1.46191705e-08  1.33230474e-08  3.83449816e-09  1.54359013e-08
364      10.091970  1.44214838e-08  1.33275257e-08  3.78379949e-09  1.52339846e-08
364      10.108637  1.41542155e-08  1.32755276e-08  3.98793399e-09  1.49903646e-08
364      10.125304  1.40777805e-08  1.32489724e-08  4.07362782e-09  1.49234213e-08
364      10.141971  1.40567722e-08  1.32605359e-08  4.44050532e-09  1.49453696e-08
364      10.158637  1.42681805e-08  1.32779969e-08  4.37725282e-09  1.51485530e-08
364      10.175304  1.47914705e-08  1.31724486e-08  4.26484732e-09  1.56511696e-08
364      10.191970  1.53901738e-08  1.31606516e-08  4.42801899e-09  1.62638630e-08
364      10.208637  1.58463922e-08  1.32131646e-08  4.65698332e-09  1.67450813e-08
364      10.225303  1.61914988e-08  1.31814627e-08  4.90775349e-09  1.71154730e-08
364      10.241970  1.66589138e-08  1.32177901e-08  5.00129632e-09  1.75915713e-08
364      10.258638  1.68228272e-08  1.32161771e-08  4.99833632e-09  1.77538780e-08
364      10.275303  1.70221472e-08  1.30915952e-08  5.22092882e-09  1.79729130e-08
364      10.291970  1.73404355e-08  1.30063032e-08  5.23004182e-09  1.82868096e-08
364      10.308637  1.77555372e-08  1.30269802e-08  5.25537432e-09  1.87025263e-08
364      10.325303  1.81673272e-08  1.31829561e-08  5.27337082e-09  1.91190346e-08
364      10.341970  1.85263122e-08  1.31774496e-08  5.26358832e-09  1.94740580e-08
364      10.358637  1.85542738e-08  1.32011441e-08  5.28331132e-09  1.95049513e-08
364      10.375303  1.84938638e-08  1.29898397e-08  5.18841349e-09  1.94263213e-08
364      10.391970  1.83326222e-08  1.30210629e-08  5.40528382e-09  1.92924680e-08
364      10.408637  1.82445372e-08  1.30087791e-08  4.94669549e-09  1.91516063e-08
364      10.425304  1.81351705e-08  1.29322281e-08  4.91411166e-09  1.90364930e-08
364      10.441970  1.82050288e-08  1.28364857e-08  4.86757416e-09  1.90969763e-08
364      10.458637  1.82684955e-08  1.27713349e-08  4.97393366e-09  1.91698813e-08
364      10.475303  1.85515972e-08  1.26673836e-08  4.90561032e-09  1.94392280e-08
364      10.491970  1.88323122e-08  1.27147424e-08  5.07494899e-09  1.97391763e-08
364      10.508637  1.92653922e-08  1.26595686e-08  5.38942432e-09  2.02033713e-08
364      10.525303  2.00683355e-08  1.26360716e-08  5.35654349e-09  2.09957513e-08
364      10.541970  2.06199322e-08  1.24844354e-08  5.84466349e-09  2.15941513e-08
364      10.558636  2.12392155e-08  1.23474804e-08  6.13529166e-09  2.22374713e-08
364      10.575303  2.11731888e-08  1.22411446e-08  6.02544366e-09  2.21553613e-08
364      10.591969  2.08296488e-08  1.21315027e-08  5.72387099e-09  2.17755246e-08
364      10.608636  2.04369588e-08  1.21164142e-08  5.45021566e-09  2.13535746e-08
364      10.625303  2.00948172e-08  1.19901882e-08  5.29309932e-09  2.09911996e-08
364      10.641970  1.99387638e-08  1.18504769e-08  5.69729599e-09  2.08779030e-08
364      10.658636  2.00568055e-08  1.17542144e-08  6.01195982e-09  2.10279280e-08
364      10.675303  2.06000955e-08  1.16240434e-08  5.82928449e-09  2.15413713e-08
364      10.691969  2.09582772e-08  1.14619226e-08  5.73469666e-09  2.18801013e-08
364      10.708636  2.08616838e-08  1.14597574e-08  6.19772549e-09  2.18376313e-08
364      10.725302  2.10581938e-08  1.14404419e-08  6.07795882e-09  2.20181480e-08
364      10.741969  2.14903888e-08  1.12896412e-08  6.64311499e-09  2.25069763e-08
364      10.758635  2.26562805e-08  1.10856977e-08  7.05023049e-09  2.37039096e-08
364      10.775302  2.41127855e-08  1.08621037e-08  6.69033132e-09  2.50999696e-08
364      10.791969  2.51617022e-08  1.07162157e-08  7.04664632e-09  2.61770363e-08
364      10.808635  2.56891722e-08  1.06692929e-08  7.54632266e-09  2.67566496e-08
364      10.825302  2.59986072e-08  1.07244671e-08  7.28718566e-09  2.70358613e-08
364      10.841968  2.58702138e-08  1.05431277e-08  7.06563516e-09  2.68762213e-08
364      10.858635  2.56382438e-08  1.06542127e-08  6.90803282e-09  2.66317896e-08
364      10.875301  2.53523172e-08  1.05981101e-08  6.56472116e-09  2.63062696e-08
364      10.891968  2.49828688e-08  1.04964084e-08  6.24402449e-09  2.58987896e-08
364      10.908635  2.47014255e-08  1.04496344e-08  5.65670399e-09  2.55498846e-08
364      10.925302  2.44038088e-08  1.04082072e-08  5.28008566e-09  2.52094563e-08
364      10.941968  2.41900322e-08  1.04519097e-08  5.12349316e-09  2.49807463e-08
364      10.958635  2.41246338e-08  1.04504637e-08  4.95729182e-09  2.48965863e-08
364      10.975302  2.40369655e-08  1.04676424e-08  4.77234966e-09  2.47888280e-08
364      10.991968  2.38604922e-08  1.04759849e-08  4.72738349e-09  2.46087646e-08
364      11.008635  2.39950638e-08  1.04178132e-08  4.67680599e-09  2.47343930e-08
364      11.025301  2.40937488e-08  1.05060476e-08  4.53484266e-09  2.48191613e-08
364      11.041968  2.43272072e-08  1.08430551e-08  4.50774332e-09  2.50600263e-08
364      11.058635  2.43909388e-08  1.11027141e-08  4.58634449e-09  2.51418163e-08
364      11.075301  2.46637955e-08  1.11071202e-08  4.68162616e-09  2.54238163e-08
364      11.091969  2.48711855e-08  1.11745476e-08  4.60352882e-09  2.56231096e-08
364      11.108634  2.48952355e-08  1.11031971e-08  4.81818999e-09  2.56691746e-08
364      11.125301  2.40745355e-08  1.07094961e-08  5.14360316e-09  2.48777846e-08
364      11.141967  2.43973322e-08  1.05072079e-08  5.03593816e-09  2.51784180e-08
364      11.158635  2.44883472e-08  1.05001059e-08  5.16902132e-09  2.52838813e-08
364      11.175302  2.45767955e-08  1.04180204e-08  5.37217382e-09  2.53921546e-08
364      11.191968  2.48397838e-08  1.04679319e-08  5.67767549e-09  2.56903213e-08
364      11.208635  2.49511288e-08  1.05246472e-08  5.64646966e-09  2.57992996e-08
364      11.225301  2.56204988e-08  1.05853722e-08  5.35701532e-09  2.64325113e-08
364      11.241968  2.59328655e-08  1.07367582e-08  4.91492082e-09  2.66970313e-08
364      11.258634  2.57581155e-08  1.04934446e-08  4.68052549e-09  2.64876496e-08
364      11.275301  2.57486522e-08  1.04001196e-08  4.27897032e-09  2.64285030e-08
364      11.291968  2.58863205e-08  1.03791106e-08  4.91088699e-09  2.66373496e-08
364      11.308634  2.60351838e-08  1.05445419e-08  5.76038499e-09  2.68892613e-08
364      11.325301  2.62886788e-08  1.04577306e-08  6.26892332e-09  2.71964663e-08
364      11.341966  2.67037105e-08  1.04320414e-08  6.49127382e-09  2.76331913e-08
364      11.358633  2.70814755e-08  1.03896056e-08  6.65808932e-09  2.80259096e-08
364      11.375300  2.74159822e-08  1.04413244e-08  6.86335449e-09  2.83835330e-08
364      11.391967  2.77701488e-08  1.06328892e-08  6.98778182e-09  2.87564380e-08
364      11.408633  2.79715438e-08  1.03535302e-08  7.33468632e-09  2.89862830e-08
364      11.425299  2.85312088e-08  1.02987124e-08  7.59928132e-09  2.95704080e-08
364      11.441966  2.88929072e-08  1.03686824e-08  7.72770699e-09  2.99468263e-08
364      11.458633  2.94123222e-08  1.04980371e-08  7.38358099e-09  3.04273630e-08
364      11.475300  2.92797988e-08  1.03444937e-08  7.38078232e-09  3.02899046e-08
364      11.491967  2.91715322e-08  1.01876547e-08  8.45938216e-09  3.03013696e-08
364      11.508632  2.92914855e-08  1.00751902e-08  8.23350649e-09  3.03902563e-08
364      11.525300  2.93587955e-08  1.01461492e-08  8.31522499e-09  3.04690913e-08
364      11.541966  2.97052222e-08  1.01532756e-08  7.97796249e-09  3.07742446e-08
364      11.558634  2.98810388e-08  1.01912049e-08  8.23256332e-09  3.09795646e-08
364      11.575299  3.00893572e-08  1.02482892e-08  8.31217049e-09  3.11976180e-08
364      11.591966  3.00731405e-08  1.01462439e-08  8.03186149e-09  3.11454280e-08
364      11.608633  3.00624572e-08  1.01609559e-08  8.07242916e-09  3.11400480e-08
364      11.625299  3.04652022e-08  1.01385341e-08  8.03516782e-09  3.15346996e-08
364      11.641966  3.07343788e-08  1.01393739e-08  8.12172082e-09  3.18119246e-08
364      11.658632  3.08427238e-08  1.01472212e-08  8.09883932e-09  3.19171246e-08
364      11.675300  3.12895455e-08  1.01659207e-08  7.96406249e-09  3.23457563e-08
364      11.691966  3.14514072e-08  1.01999662e-08  7.92924499e-09  3.25036380e-08
364      11.708633  3.14759572e-08  1.01713609e-08  7.70094116e-09  3.25005946e-08
364      11.725299  3.13299605e-08  1.00710119e-08  7.64885866e-09  3.23460113e-08
364      11.741966  3.13327072e-08  1.00881876e-08  7.42441416e-09  3.23234396e-08
364      11.758632  3.12520555e-08  1.00244422e-08  7.21599082e-09  3.22169796e-08
364      11.775299  3.12461005e-08  9.91203638e-09  7.07537782e-09  3.21907430e-08
364      11.791966  3.13998072e-08  1.00359644e-08  6.93101616e-09  3.23311413e-08
