362       0.008540 -3.16879129e-08  1.44149983e-09 -1.01360658e-08 -3.79115805e-09
362       0.025206 -3.15676482e-08  1.47409483e-09 -1.02775033e-08 -3.78098639e-09
362       0.041873 -3.15447350e-08  1.43833816e-09 -1.03773520e-08 -3.83631972e-09
362       0.058540 -3.15342685e-08  1.40799483e-09 -1.03736976e-08 -3.86397472e-09
362       0.075207 -3.15189295e-08  1.39343650e-09 -1.03417828e-08 -3.86946639e-09
362       0.091873 -3.14087420e-08  1.51559816e-09 -1.02496233e-08 -3.72019472e-09
362       0.108540 -3.13610217e-08  1.58530316e-09 -1.02441718e-08 -3.64709972e-09
362       0.125206 -3.13395274e-08  1.59517816e-09 -1.03170340e-08 -3.65217639e-09
362       0.141873 -3.13332087e-08  1.68146650e-09 -1.05150660e-08 -3.61298972e-09
362       0.158539 -3.12515499e-08  1.85947316e-09 -1.07757283e-08 -3.49236305e-09
362       0.175206 -3.12234814e-08  1.94783650e-09 -1.09943580e-08 -3.45392139e-09
362       0.191873 -3.12205610e-08  2.24973816e-09 -1.10596213e-08 -3.17574305e-09
362       0.208540 -3.12137799e-08  2.45303483e-09 -1.10229725e-08 -2.96968472e-09
362       0.225206 -3.11593024e-08  2.60712150e-09 -1.11038921e-08 -2.83380305e-09
362       0.241872 -3.11197535e-08  2.70379983e-09 -1.12649055e-08 -2.77314139e-09
362       0.258539 -3.11533170e-08  2.81830483e-09 -1.15283478e-08 -2.72503639e-09
362       0.275206 -3.11672215e-08  2.86523483e-09 -1.17295178e-08 -2.72651972e-09
362       0.291873 -3.12253517e-08  2.69903983e-09 -1.20082775e-08 -2.95627472e-09
362       0.308539 -3.12855064e-08  2.67241483e-09 -1.23218990e-08 -3.05878972e-09
362       0.325206 -3.12561090e-08  2.71696483e-09 -1.25987470e-08 -3.07592639e-09
362       0.341872 -3.12503234e-08  2.67921983e-09 -1.29092611e-08 -3.18262805e-09
362       0.358539 -3.12995464e-08  2.50475150e-09 -1.31315168e-08 -3.40674972e-09
362       0.375206 -3.13663855e-08  2.39167150e-09 -1.34280115e-08 -3.58980805e-09
362       0.391872 -3.14166780e-08  2.35489983e-09 -1.37296705e-08 -3.69855472e-09
362       0.408539 -3.14640465e-08  2.26767316e-09 -1.40273803e-08 -3.85508139e-09
362       0.425206 -3.14845262e-08  2.21558150e-09 -1.43245650e-08 -3.97499972e-09
362       0.441872 -3.15071424e-08  2.28620483e-09 -1.44508555e-08 -3.93724805e-09
362       0.458539 -3.15216809e-08  2.51100150e-09 -1.44210476e-08 -3.71378305e-09
362       0.475206 -3.15224780e-08  2.69530483e-09 -1.42445856e-08 -3.49500805e-09
362       0.491872 -3.15660085e-08  2.93584983e-09 -1.42179155e-08 -3.25957805e-09
362       0.508539 -3.15557800e-08  3.20564483e-09 -1.42217361e-08 -2.99791472e-09
362       0.525205 -3.14619742e-08  3.47186150e-09 -1.41536701e-08 -2.71590472e-09
362       0.541872 -3.14335082e-08  3.51048816e-09 -1.41066755e-08 -2.66522305e-09
362       0.558538 -3.14772205e-08  3.53357650e-09 -1.41382153e-08 -2.65390972e-09
362       0.575205 -3.14709130e-08  3.54541983e-09 -1.42646083e-08 -2.67061139e-09
362       0.591872 -3.15229270e-08  3.46261650e-09 -1.43334423e-08 -2.77117805e-09
362       0.608539 -3.15243240e-08  3.32717483e-09 -1.44754411e-08 -2.93494139e-09
362       0.625205 -3.14500904e-08  3.17515983e-09 -1.45961330e-08 -3.10316305e-09
362       0.641872 -3.11905655e-08  3.17983483e-09 -1.47712706e-08 -3.11523639e-09
362       0.658538 -3.13459204e-08  3.08477650e-09 -1.46171230e-08 -3.18626472e-09
362       0.675205 -3.12968009e-08  2.87839983e-09 -1.47041415e-08 -3.40178805e-09
362       0.691872 -3.13667772e-08  2.64097816e-09 -1.48383540e-08 -3.66879305e-09
362       0.708538 -3.13424170e-08  2.72491650e-09 -1.49724041e-08 -3.61569472e-09
362       0.725205 -3.12652664e-08  2.87196650e-09 -1.51837596e-08 -3.51426639e-09
362       0.741871 -3.11552935e-08  2.96735983e-09 -1.53121025e-08 -3.44110472e-09
362       0.758538 -3.11773099e-08  2.85144316e-09 -1.54457493e-08 -3.58586639e-09
362       0.775204 -3.11620937e-08  2.78039983e-09 -1.57065920e-08 -3.71270972e-09
362       0.791871 -3.12588195e-08  2.53454983e-09 -1.59260371e-08 -4.00963305e-09
362       0.808538 -3.13223259e-08  2.29382650e-09 -1.61873603e-08 -4.30815305e-09
362       0.825204 -3.13510919e-08  2.04822150e-09 -1.63988913e-08 -4.59698139e-09
362       0.841871 -3.13753750e-08  1.98751316e-09 -1.65632170e-08 -4.69537139e-09
362       0.858538 -3.13825199e-08  1.94513983e-09 -1.67211763e-08 -4.77301472e-09
362       0.875204 -3.13838294e-08  2.02566150e-09 -1.69517821e-08 -4.74747139e-09
362       0.891871 -3.13711742e-08  1.95621983e-09 -1.71061761e-08 -4.84877972e-09
362       0.908538 -3.13906139e-08  1.77936150e-09 -1.70887485e-08 -5.01804139e-09
362       0.925204 -3.13615605e-08  1.60915816e-09 -1.70658573e-08 -5.17530472e-09
362       0.941871 -3.12697394e-08  1.56103650e-09 -1.71131636e-08 -5.22451805e-09
362       0.958538 -3.11136907e-08  1.88638483e-09 -1.70956555e-08 -4.89109305e-09
362       0.975204 -3.09876587e-08  2.11632650e-09 -1.71371836e-08 -4.66629305e-09
362       0.991871 -3.10140990e-08  2.05817316e-09 -1.71748905e-08 -4.73362139e-09
362       1.008537 -3.09245435e-08  1.87920983e-09 -1.74155003e-08 -4.95385805e-09
362       1.025204 -3.09336742e-08  1.84828650e-09 -1.75742601e-08 -5.02074639e-09
362       1.041871 -3.08802904e-08  1.84121650e-09 -1.76714705e-08 -5.04492972e-09
362       1.058537 -3.08851600e-08  1.85569650e-09 -1.78702358e-08 -5.07650805e-09
362       1.075204 -3.09063170e-08  1.77145150e-09 -1.81688618e-08 -5.22796639e-09
362       1.091870 -3.08977000e-08  1.76829816e-09 -1.83827985e-08 -5.27888305e-09
362       1.108537 -3.09008709e-08  1.71804816e-09 -1.84819685e-08 -5.35042805e-09
362       1.125204 -3.08320957e-08  1.63543650e-09 -1.86706733e-08 -5.46728472e-09
362       1.141870 -3.07612144e-08  1.64281316e-09 -1.89406695e-08 -5.51515805e-09
362       1.158537 -3.06665485e-08  1.64167816e-09 -1.92981738e-08 -5.58906139e-09
362       1.175204 -3.06281592e-08  1.64130150e-09 -1.95398106e-08 -5.64091639e-09
362       1.191870 -3.05590445e-08  1.60437150e-09 -1.97372943e-08 -5.71541805e-09
362       1.208537 -3.05250932e-08  1.61608150e-09 -1.99678391e-08 -5.75343139e-09
362       1.225203 -3.04676900e-08  1.59876983e-09 -2.01800325e-08 -5.81331305e-09
362       1.241870 -3.04205505e-08  1.63540650e-09 -2.03791463e-08 -5.81881472e-09
362       1.258537 -3.03419924e-08  1.60839483e-09 -2.06673806e-08 -5.90348305e-09
362       1.275204 -3.02237469e-08  1.60598983e-09 -2.08960766e-08 -5.94721639e-09
362       1.291870 -3.01524587e-08  1.56480316e-09 -2.10169703e-08 -6.00825472e-09
362       1.308537 -3.00840497e-08  1.53322650e-09 -2.11090796e-08 -6.05368972e-09
362       1.325203 -3.00299029e-08  1.60553483e-09 -2.11834453e-08 -5.99562472e-09
362       1.341870 -2.99915042e-08  1.57363983e-09 -2.12922910e-08 -6.04785805e-09
362       1.358537 -2.99736964e-08  1.57789316e-09 -2.12920770e-08 -6.04209139e-09
362       1.375203 -2.98967355e-08  1.67237316e-09 -2.11792501e-08 -5.91795139e-09
362       1.391870 -2.97931107e-08  1.72078316e-09 -2.11162393e-08 -5.84743639e-09
362       1.408536 -2.97245869e-08  1.87886316e-09 -2.10247420e-08 -5.66721305e-09
362       1.425203 -2.95332614e-08  1.98366316e-09 -2.09148270e-08 -5.52350139e-09
362       1.441869 -2.93552812e-08  2.08016983e-09 -2.08723741e-08 -5.40435139e-09
362       1.458536 -2.92303099e-08  2.07099650e-09 -2.09171716e-08 -5.41226472e-09
362       1.475203 -2.91972384e-08  2.15887316e-09 -2.09201355e-08 -5.32476305e-09
362       1.491869 -2.91800049e-08  2.08509316e-09 -2.10060921e-08 -5.41428805e-09
362       1.508536 -2.92007752e-08  1.99681483e-09 -2.11347041e-08 -5.53098472e-09
362       1.525202 -2.92177385e-08  2.13610650e-09 -2.12426670e-08 -5.42196139e-09
362       1.541869 -2.90777082e-08  2.32891150e-09 -2.12500475e-08 -5.22414472e-09
362       1.558536 -2.90075780e-08  2.40370150e-09 -2.11943676e-08 -5.13268472e-09
362       1.575202 -2.89876624e-08  2.47821483e-09 -2.12004225e-08 -5.06003972e-09
362       1.591869 -2.89369587e-08  2.59027650e-09 -2.12831553e-08 -4.96562805e-09
362       1.608536 -2.88277369e-08  2.64123150e-09 -2.14547255e-08 -4.94542639e-09
362       1.625202 -2.86804805e-08  2.53510983e-09 -2.17622858e-08 -5.10504472e-09
362       1.641869 -2.85566082e-08  2.40186650e-09 -2.19540978e-08 -5.26675972e-09
362       1.658536 -2.84773517e-08  2.44970316e-09 -2.21444583e-08 -5.25654305e-09
362       1.675202 -2.83865014e-08  2.40228483e-09 -2.23460046e-08 -5.34018472e-09
362       1.691869 -2.83646795e-08  2.33707650e-09 -2.25801825e-08 -5.45468305e-09
362       1.708535 -2.84274550e-08  2.38550316e-09 -2.27547983e-08 -5.45299639e-09
362       1.725202 -2.84324260e-08  2.48762816e-09 -2.29136725e-08 -5.39051305e-09
362       1.741869 -2.85183572e-08  2.56613483e-09 -2.30778601e-08 -5.35935305e-09
362       1.758535 -2.85686669e-08  2.64363650e-09 -2.32219953e-08 -5.32146472e-09
362       1.775202 -2.85063160e-08  2.81803650e-09 -2.31435175e-08 -5.12893139e-09
362       1.791869 -2.84046744e-08  2.95977983e-09 -2.31098641e-08 -4.97474639e-09
362       1.808535 -2.83656909e-08  3.04634150e-09 -2.30902581e-08 -4.88285972e-09
362       1.825202 -2.82726604e-08  3.09066816e-09 -2.30934625e-08 -4.83226805e-09
362       1.841868 -2.81350927e-08  2.96452650e-09 -2.30966636e-08 -4.94302805e-09
362       1.858535 -2.80643919e-08  3.00547983e-09 -2.30727495e-08 -4.89153805e-09
362       1.875202 -2.80537402e-08  2.96740150e-09 -2.29715455e-08 -4.90452805e-09
362       1.891868 -2.80190277e-08  2.97629316e-09 -2.30564570e-08 -4.91209472e-09
362       1.908535 -2.79449664e-08  2.89168316e-09 -2.31188858e-08 -5.00171139e-09
362       1.925202 -2.79192162e-08  2.81523816e-09 -2.31416303e-08 -5.07868805e-09
362       1.941868 -2.79358814e-08  2.81025483e-09 -2.32762103e-08 -5.11558972e-09
362       1.958535 -2.79274702e-08  2.93450816e-09 -2.34117135e-08 -5.02513805e-09
362       1.975201 -2.79523939e-08  2.89453316e-09 -2.35212335e-08 -5.09101305e-09
362       1.991868 -2.80282050e-08  2.73857150e-09 -2.36849365e-08 -5.28621639e-09
362       2.008535 -2.80411432e-08  2.69058650e-09 -2.38453516e-08 -5.37035305e-09
362       2.025202 -2.79533609e-08  2.85231983e-09 -2.39158748e-08 -5.22167472e-09
362       2.041868 -2.79221962e-08  2.93889483e-09 -2.39813231e-08 -5.14980972e-09
362       2.058534 -2.79073845e-08  2.90743483e-09 -2.40497035e-08 -5.19453139e-09
362       2.075201 -2.78544387e-08  2.76843316e-09 -2.40705621e-08 -5.32931639e-09
362       2.091868 -2.78320559e-08  2.72688816e-09 -2.40993488e-08 -5.37414139e-09
362       2.108535 -2.78039062e-08  2.73936650e-09 -2.41800533e-08 -5.37786139e-09
362       2.125201 -2.78187850e-08  2.78078650e-09 -2.43031641e-08 -5.36697972e-09
362       2.141868 -2.78296725e-08  2.74610316e-09 -2.44507250e-08 -5.43511472e-09
362       2.158535 -2.77713994e-08  2.66306483e-09 -2.44767348e-08 -5.51632972e-09
362       2.175201 -2.76916425e-08  2.69878316e-09 -2.45120321e-08 -5.48256972e-09
362       2.191867 -2.75898564e-08  2.80136816e-09 -2.44766888e-08 -5.36596472e-09
362       2.208534 -2.74294099e-08  2.87978150e-09 -2.45337260e-08 -5.28853472e-09
362       2.225201 -2.73215857e-08  2.87366650e-09 -2.45664906e-08 -5.29224972e-09
362       2.241867 -2.72842220e-08  2.94561316e-09 -2.45292776e-08 -5.21067472e-09
362       2.258534 -2.71871950e-08  3.09526816e-09 -2.44645193e-08 -5.04216972e-09
362       2.275201 -2.70668127e-08  3.23785650e-09 -2.44487321e-08 -4.88953139e-09
362       2.291867 -2.69639222e-08  3.28026483e-09 -2.45279191e-08 -4.85720305e-09
362       2.308534 -2.68343957e-08  3.20502150e-09 -2.45497268e-08 -4.92352972e-09
362       2.325201 -2.66291994e-08  3.23902650e-09 -2.44990691e-08 -4.86068805e-09
362       2.341867 -2.65542412e-08  3.24861483e-09 -2.44380710e-08 -4.83082139e-09
362       2.358534 -2.65565794e-08  3.26457650e-09 -2.43827260e-08 -4.80297639e-09
362       2.375200 -2.65073740e-08  3.22768483e-09 -2.43037456e-08 -4.81641305e-09
362       2.391867 -2.64334860e-08  3.20168983e-09 -2.42774386e-08 -4.82902972e-09
362       2.408533 -2.63143255e-08  3.20805150e-09 -2.43470171e-08 -4.82799639e-09
362       2.425200 -2.61943665e-08  3.22753483e-09 -2.43740485e-08 -4.80450639e-09
362       2.441867 -2.60591547e-08  3.19862650e-09 -2.44437153e-08 -4.83626972e-09
362       2.458534 -2.59693440e-08  3.23070150e-09 -2.45685671e-08 -4.82548139e-09
362       2.475200 -2.58669879e-08  3.27732150e-09 -2.47655953e-08 -4.81587139e-09
362       2.491867 -2.58484742e-08  3.29680150e-09 -2.49091266e-08 -4.82792139e-09
362       2.508533 -2.59143822e-08  3.42041983e-09 -2.50483193e-08 -4.74555639e-09
362       2.525200 -2.59465847e-08  3.51066650e-09 -2.50745470e-08 -4.66688139e-09
362       2.541867 -2.59553860e-08  3.49871983e-09 -2.50615895e-08 -4.67630972e-09
362       2.558534 -2.58841697e-08  3.49825483e-09 -2.50337986e-08 -4.66408139e-09
362       2.575200 -2.57964517e-08  3.49263650e-09 -2.49962990e-08 -4.65316472e-09
362       2.591866 -2.56915034e-08  3.59393150e-09 -2.49143538e-08 -4.52691972e-09
362       2.608533 -2.55856317e-08  3.69178650e-09 -2.48997673e-08 -4.41923639e-09
362       2.625200 -2.55119092e-08  3.79910483e-09 -2.49320106e-08 -4.31588805e-09
362       2.641867 -2.54660539e-08  3.82035983e-09 -2.50183168e-08 -4.31077139e-09
362       2.658533 -2.53524810e-08  3.68491983e-09 -2.51141725e-08 -4.45373639e-09
362       2.675199 -2.53213965e-08  3.63913316e-09 -2.51247150e-08 -4.49774805e-09
362       2.691866 -2.52601505e-08  3.65894983e-09 -2.52248576e-08 -4.49578472e-09
362       2.708533 -2.51890445e-08  3.74503816e-09 -2.53830173e-08 -4.44185972e-09
362       2.725199 -2.51641814e-08  3.84053483e-09 -2.55705683e-08 -4.38962972e-09
362       2.741866 -2.51116800e-08  3.94199816e-09 -2.57733660e-08 -4.33258472e-09
362       2.758532 -2.50602010e-08  3.99980816e-09 -2.59290416e-08 -4.30727805e-09
362       2.775199 -2.49575752e-08  3.98574983e-09 -2.60090318e-08 -4.32988972e-09
362       2.791866 -2.48471790e-08  3.94540483e-09 -2.60847091e-08 -4.37630305e-09
362       2.808532 -2.47746105e-08  3.98153150e-09 -2.62566310e-08 -4.37382805e-09
362       2.825199 -2.47053980e-08  3.96400150e-09 -2.63600875e-08 -4.40812305e-09
362       2.841866 -2.46203207e-08  3.78541816e-09 -2.63716131e-08 -4.57629972e-09
362       2.858532 -2.45122087e-08  3.67774816e-09 -2.64482533e-08 -4.68844639e-09
362       2.875199 -2.44874465e-08  3.61518150e-09 -2.64525521e-08 -4.74787472e-09
362       2.891866 -2.43857744e-08  3.60548316e-09 -2.64799856e-08 -4.75441139e-09
362       2.908532 -2.43097965e-08  3.56088816e-09 -2.64925430e-08 -4.79369805e-09
362       2.925199 -2.42273072e-08  3.53142150e-09 -2.64806368e-08 -4.81219805e-09
362       2.941865 -2.41416644e-08  3.57394816e-09 -2.64096505e-08 -4.74715472e-09
362       2.958532 -2.40839632e-08  3.66130316e-09 -2.64129368e-08 -4.65803139e-09
362       2.975199 -2.41039720e-08  3.65486316e-09 -2.64181798e-08 -4.66726139e-09
362       2.991866 -2.40674044e-08  3.65287483e-09 -2.62580885e-08 -4.62954972e-09
362       3.008532 -2.40102799e-08  3.73320816e-09 -2.62190100e-08 -4.53765472e-09
362       3.025199 -2.39591399e-08  3.71214150e-09 -2.61796130e-08 -4.54456472e-09
362       3.041865 -2.39542570e-08  3.80812316e-09 -2.62082365e-08 -4.45754972e-09
362       3.058532 -2.39506754e-08  3.90423316e-09 -2.61747688e-08 -4.35643139e-09
362       3.075198 -2.38667899e-08  3.93120983e-09 -2.62353981e-08 -4.33652472e-09
362       3.091865 -2.38550654e-08  3.99218150e-09 -2.63237238e-08 -4.29640472e-09
362       3.108532 -2.38386742e-08  4.08402316e-09 -2.64583335e-08 -4.23643305e-09
362       3.125199 -2.38168639e-08  4.17107983e-09 -2.65556873e-08 -4.17217472e-09
362       3.141865 -2.37585372e-08  4.18184816e-09 -2.65608966e-08 -4.15768972e-09
362       3.158532 -2.36911717e-08  4.13164816e-09 -2.65722853e-08 -4.20292472e-09
362       3.175198 -2.36107259e-08  4.16437316e-09 -2.65664170e-08 -4.16264972e-09
362       3.191865 -2.35177567e-08  4.19838150e-09 -2.66077365e-08 -4.13073472e-09
362       3.208532 -2.34270287e-08  4.16645650e-09 -2.66565043e-08 -4.16464472e-09
362       3.225198 -2.33107324e-08  4.16490983e-09 -2.66769968e-08 -4.16036972e-09
362       3.241865 -2.31976074e-08  4.14108316e-09 -2.67509905e-08 -4.19015139e-09
362       3.258531 -2.32387407e-08  4.00564150e-09 -2.67978038e-08 -4.33581139e-09
362       3.275198 -2.32658109e-08  3.95622983e-09 -2.69170310e-08 -4.41323305e-09
362       3.291865 -2.32525284e-08  4.01751316e-09 -2.70107200e-08 -4.37388139e-09
362       3.308531 -2.32433210e-08  4.09128150e-09 -2.71759200e-08 -4.33904139e-09
362       3.325198 -2.32554959e-08  4.06936483e-09 -2.73815481e-08 -4.40807305e-09
362       3.341864 -2.32136837e-08  4.08464816e-09 -2.74960080e-08 -4.41550139e-09
362       3.358531 -2.31571820e-08  4.12756316e-09 -2.76198261e-08 -4.39693472e-09
362       3.375198 -2.30853772e-08  4.23428816e-09 -2.76570543e-08 -4.29546305e-09
362       3.391865 -2.30245507e-08  4.29908316e-09 -2.76902125e-08 -4.23471472e-09
362       3.408531 -2.30645050e-08  4.25391150e-09 -2.77290548e-08 -4.29091305e-09
362       3.425198 -2.29572204e-08  4.24008983e-09 -2.77448613e-08 -4.29829472e-09
362       3.441864 -2.28147279e-08  4.32349816e-09 -2.77920556e-08 -4.21536472e-09
362       3.458531 -2.27132744e-08  4.50813650e-09 -2.78420471e-08 -4.03857305e-09
362       3.475197 -2.25732900e-08  4.62214483e-09 -2.79019413e-08 -3.92906972e-09
362       3.491864 -2.24881105e-08  4.62444816e-09 -2.79432888e-08 -3.92859805e-09
362       3.508531 -2.24183480e-08  4.59829316e-09 -2.80039138e-08 -3.96147805e-09
362       3.525197 -2.23942062e-08  4.59209650e-09 -2.80804143e-08 -3.98269805e-09
362       3.541864 -2.23764359e-08  4.72155650e-09 -2.82501718e-08 -3.89410472e-09
362       3.558530 -2.23097060e-08  4.87708150e-09 -2.84198935e-08 -3.77583139e-09
362       3.575197 -2.22565922e-08  5.00859983e-09 -2.85522306e-08 -3.67358972e-09
362       3.591864 -2.21504300e-08  5.14796483e-09 -2.87219245e-08 -3.56745472e-09
362       3.608530 -2.21041524e-08  5.18138816e-09 -2.88994458e-08 -3.57119139e-09
362       3.625197 -2.20206055e-08  5.21174983e-09 -2.90781241e-08 -3.57483805e-09
362       3.641864 -2.19983460e-08  5.28253316e-09 -2.91798155e-08 -3.52728139e-09
362       3.658531 -2.19375305e-08  5.39171150e-09 -2.92875250e-08 -3.44040305e-09
362       3.675197 -2.18987522e-08  5.47323316e-09 -2.93469408e-08 -3.37137472e-09
362       3.691863 -2.17877782e-08  5.45142150e-09 -2.94218451e-08 -3.39957805e-09
362       3.708530 -2.17358290e-08  5.38116816e-09 -2.94243270e-08 -3.46362139e-09
362       3.725197 -2.16116667e-08  5.49986483e-09 -2.93954445e-08 -3.33083139e-09
362       3.741864 -2.15380364e-08  5.50117816e-09 -2.94310033e-08 -3.33103472e-09
362       3.758530 -2.14441925e-08  5.41262316e-09 -2.94569095e-08 -3.41438805e-09
362       3.775197 -2.08640845e-08  5.69729150e-09 -3.00230763e-08 -3.21465972e-09
362       3.791863 -2.12958697e-08  5.43257816e-09 -2.96723001e-08 -3.43063805e-09
362       3.808530 -2.13246660e-08  5.26686150e-09 -2.98911640e-08 -3.64359639e-09
362       3.825196 -2.13443582e-08  5.17003150e-09 -3.00187451e-08 -3.76823972e-09
362       3.841863 -2.12883240e-08  5.22689983e-09 -3.01492265e-08 -3.73768472e-09
362       3.858530 -2.13092127e-08  5.25557983e-09 -3.03169050e-08 -3.74981472e-09
362       3.875197 -2.14049215e-08  5.16289150e-09 -3.05155790e-08 -3.89336305e-09
362       3.891863 -2.14005834e-08  5.03879650e-09 -3.05686621e-08 -4.02537305e-09
362       3.908530 -2.13326767e-08  5.03942983e-09 -3.06651690e-08 -4.04059305e-09
362       3.925197 -2.12476747e-08  5.05290983e-09 -3.08349103e-08 -4.05841972e-09
362       3.941863 -2.11280940e-08  5.10269983e-09 -3.09429806e-08 -4.02395305e-09
362       3.958530 -2.10364244e-08  5.15484483e-09 -3.10573563e-08 -3.99112972e-09
362       3.975196 -2.10111550e-08  5.14870316e-09 -3.10810273e-08 -4.00018805e-09
362       3.991863 -2.09519619e-08  5.31652483e-09 -3.12276536e-08 -3.86541805e-09
362       4.008529 -2.08996220e-08  5.40044816e-09 -3.13659868e-08 -3.81073805e-09
362       4.025196 -2.08064942e-08  5.38839816e-09 -3.14911071e-08 -3.84247972e-09
362       4.041863 -2.07144584e-08  5.41020316e-09 -3.15537526e-08 -3.82729805e-09
362       4.058529 -2.06136730e-08  5.44656316e-09 -3.15859143e-08 -3.79030805e-09
362       4.075196 -2.04969992e-08  5.39134150e-09 -3.15184061e-08 -3.81808639e-09
362       4.091862 -2.03519834e-08  5.31803316e-09 -3.14245586e-08 -3.85487805e-09
362       4.108529 -2.03161957e-08  5.17164483e-09 -3.14212723e-08 -3.99288805e-09
362       4.125196 -2.02934599e-08  5.13570816e-09 -3.14169285e-08 -4.02471639e-09
362       4.141862 -2.02695539e-08  5.18093316e-09 -3.14116101e-08 -3.97750805e-09
362       4.158529 -2.02666660e-08  5.07467983e-09 -3.14231138e-08 -4.08291305e-09
362       4.175196 -2.02108802e-08  5.10343816e-09 -3.14462250e-08 -4.05526305e-09
362       4.191862 -2.01733905e-08  5.16782483e-09 -3.14545918e-08 -3.99134805e-09
362       4.208529 -2.01545845e-08  5.15346816e-09 -3.15459403e-08 -4.02431805e-09
362       4.225195 -2.00844305e-08  5.15552150e-09 -3.16307901e-08 -4.03530472e-09
362       4.241862 -2.00471925e-08  5.23977816e-09 -3.17252571e-08 -3.97169639e-09
362       4.258529 -1.99816695e-08  5.48289483e-09 -3.16617760e-08 -3.71564972e-09
362       4.275195 -1.98355605e-08  5.54651816e-09 -3.16816336e-08 -3.64536305e-09
362       4.291862 -1.97090090e-08  5.54567150e-09 -3.16958840e-08 -3.63806139e-09
362       4.308529 -1.95955134e-08  5.56843150e-09 -3.16985253e-08 -3.60642805e-09
362       4.325195 -1.95159524e-08  5.58827816e-09 -3.17060126e-08 -3.58174305e-09
362       4.341862 -1.94347725e-08  5.56314483e-09 -3.17241008e-08 -3.60292805e-09
362       4.358529 -1.93658472e-08  5.60795150e-09 -3.17254386e-08 -3.55361805e-09
362       4.375195 -1.92955890e-08  5.56712316e-09 -3.17084800e-08 -3.58306472e-09
362       4.391862 -1.92048692e-08  5.66136316e-09 -3.17117440e-08 -3.48427472e-09
362       4.408529 -1.91941389e-08  5.74984983e-09 -3.16910161e-08 -3.39279472e-09
362       4.425195 -1.92230524e-08  5.79193483e-09 -3.16718945e-08 -3.35023305e-09
362       4.441861 -1.91784727e-08  5.91451650e-09 -3.17202570e-08 -3.23833639e-09
362       4.458529 -1.90944414e-08  6.03612150e-09 -3.18178170e-08 -3.13501305e-09
362       4.475195 -1.90601880e-08  6.12908983e-09 -3.19381546e-08 -3.06910305e-09
362       4.491862 -1.89439762e-08  6.15710983e-09 -3.20085498e-08 -3.04749805e-09
362       4.508528 -1.89113792e-08  6.09898150e-09 -3.21333960e-08 -3.12926472e-09
362       4.525195 -1.88574059e-08  6.16530983e-09 -3.22142930e-08 -3.07846639e-09
362       4.541861 -1.88613222e-08  6.19177650e-09 -3.22753586e-08 -3.06700472e-09
362       4.558528 -1.88513112e-08  6.23069483e-09 -3.23130693e-08 -3.03692472e-09
362       4.575195 -1.87458740e-08  6.26559483e-09 -3.23920425e-08 -3.01155305e-09
362       4.591861 -1.86070417e-08  6.40529483e-09 -3.24061131e-08 -2.86681805e-09
362       4.608528 -1.84816724e-08  6.47265150e-09 -3.23840860e-08 -2.78525805e-09
362       4.625195 -1.83970922e-08  6.47758650e-09 -3.24231856e-08 -2.78175305e-09
362       4.641861 -1.82732582e-08  6.52796816e-09 -3.24667571e-08 -2.73167305e-09
362       4.658528 -1.81535167e-08  6.63912983e-09 -3.24706656e-08 -2.61403472e-09
362       4.675194 -1.80310080e-08  6.67125650e-09 -3.24889833e-08 -2.57604139e-09
362       4.691861 -1.79470497e-08  6.77527650e-09 -3.24509456e-08 -2.45900305e-09
362       4.708528 -1.78262984e-08  6.94667816e-09 -3.23497726e-08 -2.25898639e-09
362       4.725195 -1.78007790e-08  7.01591983e-09 -3.23033550e-08 -2.17902472e-09
362       4.741861 -1.77378627e-08  7.04457983e-09 -3.22640568e-08 -2.13667139e-09
362       4.758528 -1.76886260e-08  7.00421150e-09 -3.23907261e-08 -2.20014639e-09
362       4.775194 -1.76756025e-08  7.05095483e-09 -3.24023550e-08 -2.15629139e-09
362       4.791861 -1.75963745e-08  7.33994483e-09 -3.23368465e-08 -1.85404972e-09
362       4.808527 -1.75791820e-08  7.23195150e-09 -3.24606270e-08 -1.98534139e-09
362       4.825194 -1.76440294e-08  6.94306983e-09 -3.25653948e-08 -2.29507639e-09
362       4.841860 -1.75392824e-08  7.23958316e-09 -3.26203316e-08 -2.01060639e-09
362       4.858527 -1.74408690e-08  7.50922316e-09 -3.27065366e-08 -1.75984639e-09
362       4.875194 -1.73773092e-08  7.41184816e-09 -3.29165078e-08 -1.89622472e-09
362       4.891860 -1.73208724e-08  7.38880316e-09 -3.29886478e-08 -1.92989139e-09
362       4.908527 -1.72518590e-08  7.59654483e-09 -3.29674210e-08 -1.71740972e-09
362       4.925194 -1.72327464e-08  7.59162816e-09 -3.30584913e-08 -1.74112305e-09
362       4.941860 -1.72419504e-08  7.51087650e-09 -3.32331070e-08 -1.85989305e-09
362       4.958527 -1.71856045e-08  7.60732650e-09 -3.33011288e-08 -1.77674639e-09
362       4.975194 -1.71635780e-08  7.74974316e-09 -3.33518953e-08 -1.64816639e-09
362       4.991860 -1.71294304e-08  7.78742650e-09 -3.33377016e-08 -1.60534972e-09
362       5.008527 -1.71391527e-08  7.65868650e-09 -3.33896271e-08 -1.74284972e-09
362       5.025194 -1.70827779e-08  7.65680816e-09 -3.33644476e-08 -1.73389139e-09
362       5.041860 -1.70126870e-08  7.70949483e-09 -3.33799036e-08 -1.68002305e-09
362       5.058527 -1.69995454e-08  7.54936983e-09 -3.33886825e-08 -1.83612639e-09
362       5.075193 -1.69528434e-08  7.60266316e-09 -3.35503015e-08 -1.81692472e-09
362       5.091860 -1.69311624e-08  7.62881150e-09 -3.37128310e-08 -1.82649972e-09
362       5.108526 -1.69176712e-08  7.62682983e-09 -3.39163671e-08 -1.87338805e-09
362       5.125193 -1.68054284e-08  7.66688816e-09 -3.40915280e-08 -1.86421972e-09
362       5.141860 -1.67471615e-08  7.71378983e-09 -3.42268500e-08 -1.84420972e-09
362       5.158527 -1.67330287e-08  7.62092316e-09 -3.43170423e-08 -1.95346139e-09
362       5.175193 -1.67014549e-08  7.57723316e-09 -3.44497950e-08 -2.02312639e-09
362       5.191860 -1.66512884e-08  7.62714816e-09 -3.46568400e-08 -2.01719305e-09
362       5.208526 -1.65667287e-08  7.61964316e-09 -3.49098948e-08 -2.07429972e-09
362       5.225193 -1.64759725e-08  7.59253816e-09 -3.50276326e-08 -2.11915805e-09
362       5.241860 -1.63783185e-08  7.58096816e-09 -3.51226663e-08 -2.14317305e-09
362       5.258526 -1.63521584e-08  7.52883816e-09 -3.52720281e-08 -2.22527472e-09
362       5.275193 -1.62735230e-08  7.56460483e-09 -3.53782733e-08 -2.20763639e-09
362       5.291859 -1.62015552e-08  7.57263816e-09 -3.54257825e-08 -2.20416305e-09
362       5.308526 -1.60775809e-08  7.54276983e-09 -3.56885083e-08 -2.28158305e-09
362       5.325193 -1.61573517e-08  7.60253650e-09 -3.56748328e-08 -2.22769305e-09
362       5.341859 -1.61401107e-08  7.56496816e-09 -3.57623643e-08 -2.28243972e-09
362       5.358526 -1.61084350e-08  7.56837983e-09 -3.59767866e-08 -2.32492972e-09
362       5.375193 -1.60259672e-08  7.59406150e-09 -3.61015170e-08 -2.32091972e-09
362       5.391859 -1.59969645e-08  7.64523150e-09 -3.61931773e-08 -2.28948805e-09
362       5.408526 -1.60239124e-08  7.52809316e-09 -3.62704641e-08 -2.42304139e-09
362       5.425192 -1.59703152e-08  7.53651316e-09 -3.62563518e-08 -2.40686972e-09
362       5.441859 -1.59240215e-08  7.52905483e-09 -3.62021576e-08 -2.39765139e-09
362       5.458526 -1.59119789e-08  7.47300816e-09 -3.62783521e-08 -2.46820805e-09
362       5.475192 -1.58895034e-08  7.44522316e-09 -3.63242526e-08 -2.50353639e-09
362       5.491859 -1.58177549e-08  7.62893316e-09 -3.63718143e-08 -2.32973972e-09
362       5.508526 -1.57501279e-08  7.66904650e-09 -3.64982360e-08 -2.31344472e-09
362       5.525192 -1.56508889e-08  7.62014983e-09 -3.66350498e-08 -2.38299805e-09
362       5.541859 -1.56340094e-08  7.59534316e-09 -3.67914016e-08 -2.44099139e-09
362       5.558525 -1.55496210e-08  7.63811983e-09 -3.67948370e-08 -2.39271805e-09
362       5.575192 -1.54582669e-08  7.62141150e-09 -3.69538191e-08 -2.43679139e-09
362       5.591859 -1.53815852e-08  7.47007483e-09 -3.71266910e-08 -2.61588305e-09
362       5.608525 -1.52991317e-08  7.34594150e-09 -3.72249221e-08 -2.75115805e-09
362       5.625192 -1.51475934e-08  7.58397983e-09 -3.71834655e-08 -2.49729972e-09
362       5.641859 -1.50861410e-08  7.66776316e-09 -3.72056748e-08 -2.41557305e-09
362       5.658525 -1.50616992e-08  7.75201816e-09 -3.72240985e-08 -2.33584972e-09
362       5.675192 -1.49894447e-08  7.74803816e-09 -3.72858631e-08 -2.34722639e-09
362       5.691859 -1.49461419e-08  7.70630650e-09 -3.74008321e-08 -2.40989139e-09
362       5.708525 -1.48745935e-08  7.82935816e-09 -3.73966271e-08 -2.28317805e-09
362       5.725192 -1.48608990e-08  7.88914483e-09 -3.74173963e-08 -2.22868305e-09
362       5.741858 -1.48826120e-08  7.80570650e-09 -3.74817068e-08 -2.32614139e-09
362       5.758525 -1.49432807e-08  7.92694316e-09 -3.75482410e-08 -2.22908805e-09
362       5.775192 -1.49476825e-08  7.84125316e-09 -3.75945310e-08 -2.32309472e-09
362       5.791858 -1.49371050e-08  7.89881816e-09 -3.76714205e-08 -2.28376472e-09
362       5.808525 -1.48853499e-08  7.80842983e-09 -3.76841611e-08 -2.36965805e-09
362       5.825191 -1.48281964e-08  7.74024316e-09 -3.78099253e-08 -2.45917472e-09
362       5.841858 -1.48348884e-08  7.70704483e-09 -3.79132061e-08 -2.51539472e-09
362       5.858525 -1.47843895e-08  7.83738316e-09 -3.79065556e-08 -2.38296139e-09
362       5.875191 -1.46574519e-08  7.85046983e-09 -3.80055193e-08 -2.38131972e-09
362       5.891858 -1.47150120e-08  7.65100483e-09 -3.80168338e-08 -2.58249305e-09
362       5.908524 -1.45892749e-08  7.86226983e-09 -3.79814391e-08 -2.35829139e-09
362       5.925191 -1.45294129e-08  8.04827316e-09 -3.79065605e-08 -2.15554972e-09
362       5.941858 -1.45038350e-08  7.74827983e-09 -3.79773835e-08 -2.46025972e-09
362       5.958524 -1.44930852e-08  7.77634816e-09 -3.81001925e-08 -2.45991472e-09
362       5.975191 -1.44321530e-08  8.13079316e-09 -3.80327118e-08 -2.09540972e-09
362       5.991858 -1.44753964e-08  7.84997816e-09 -3.81274095e-08 -2.39309805e-09
362       6.008524 -1.45218537e-08  7.75438150e-09 -3.82637963e-08 -2.52091139e-09
362       6.025191 -1.43814022e-08  8.01133316e-09 -3.82822471e-08 -2.26329805e-09
362       6.041857 -1.42302502e-08  8.30996316e-09 -3.81716410e-08 -1.93502972e-09
362       6.058524 -1.41880745e-08  8.24603816e-09 -3.81493520e-08 -1.98818472e-09
362       6.075191 -1.40467997e-08  8.47495150e-09 -3.80353761e-08 -1.72765472e-09
362       6.091857 -1.38677604e-08  8.75413316e-09 -3.79509165e-08 -1.42168139e-09
362       6.108523 -1.37796744e-08  8.91125483e-09 -3.77824878e-08 -1.22318639e-09
362       6.125191 -1.35961659e-08  9.18938816e-09 -3.76849295e-08 -9.14858053e-10
362       6.141857 -1.34717627e-08  9.35188816e-09 -3.76867028e-08 -7.46499719e-10
362       6.158523 -1.33865282e-08  9.45895816e-09 -3.77173040e-08 -6.41948052e-10
362       6.175190 -1.32809995e-08  9.49179149e-09 -3.76709931e-08 -5.90109719e-10
362       6.191857 -1.32935135e-08  9.55015150e-09 -3.75987991e-08 -5.18273052e-10
362       6.208524 -1.33419007e-08  9.40065316e-09 -3.76324986e-08 -6.75244719e-10
362       6.225191 -1.34195352e-08  9.17700316e-09 -3.77001573e-08 -9.14461386e-10
362       6.241857 -1.34949125e-08  9.04381150e-09 -3.77668973e-08 -1.06552805e-09
362       6.258523 -1.36414655e-08  8.92672316e-09 -3.79345548e-08 -1.23026805e-09
362       6.275190 -1.38169325e-08  8.87815316e-09 -3.80734398e-08 -1.32462472e-09
362       6.291857 -1.39033710e-08  9.01996650e-09 -3.81281163e-08 -1.20726139e-09
362       6.308524 -1.39801525e-08  9.01103650e-09 -3.82391515e-08 -1.24798972e-09
362       6.325190 -1.41231589e-08  8.87677816e-09 -3.82691410e-08 -1.39783139e-09
362       6.341857 -1.41365077e-08  8.78295316e-09 -3.82979148e-08 -1.49655305e-09
362       6.358523 -1.42373690e-08  8.63086150e-09 -3.83864835e-08 -1.67319805e-09
362       6.375190 -1.43057554e-08  8.63813983e-09 -3.84186105e-08 -1.67956139e-09
362       6.391856 -1.43587347e-08  8.85692650e-09 -3.84743763e-08 -1.48477639e-09
362       6.408523 -1.44708992e-08  9.05398650e-09 -3.84208558e-08 -1.29160139e-09
362       6.425190 -1.45089254e-08  9.00214483e-09 -3.85068601e-08 -1.36479972e-09
362       6.441856 -1.45602384e-08  9.04927650e-09 -3.86491171e-08 -1.35596305e-09
362       6.458523 -1.45247359e-08  9.19073983e-09 -3.87889270e-08 -1.24728805e-09
362       6.475189 -1.45141117e-08  9.25447816e-09 -3.87728175e-08 -1.18085139e-09
362       6.491856 -1.44665260e-08  9.37575316e-09 -3.88841001e-08 -1.08421639e-09
362       6.508523 -1.44271970e-08  9.46052483e-09 -3.89064690e-08 -1.00355305e-09
362       6.525189 -1.43280980e-08  9.51453650e-09 -3.88534415e-08 -9.30246386e-10
362       6.541856 -1.42783930e-08  9.54002483e-09 -3.88576566e-08 -9.02023052e-10
362       6.558523 -1.41741024e-08  9.41691483e-09 -3.89275120e-08 -1.02790472e-09
362       6.575189 -1.40813522e-08  9.15047983e-09 -3.91214683e-08 -1.32194139e-09
362       6.591856 -1.40195109e-08  8.98240983e-09 -3.93697638e-08 -1.53567972e-09
362       6.608522 -1.39307227e-08  9.05583816e-09 -3.93300390e-08 -1.44749805e-09
362       6.625189 -1.39311817e-08  9.04110483e-09 -3.92963621e-08 -1.45419139e-09
362       6.641856 -1.39735702e-08  8.96161816e-09 -3.92349020e-08 -1.52114805e-09
362       6.658522 -1.39025602e-08  9.01272650e-09 -3.92594658e-08 -1.47077305e-09
362       6.675189 -1.38589417e-08  9.10369483e-09 -3.93027116e-08 -1.38844472e-09
362       6.691855 -1.37445160e-08  9.16515650e-09 -3.94361928e-08 -1.34882805e-09
362       6.708522 -1.38299645e-08  9.08115983e-09 -3.93674760e-08 -1.42238139e-09
362       6.725189 -1.37260227e-08  9.17332316e-09 -3.94994596e-08 -1.35359805e-09
362       6.741856 -1.36160525e-08  9.25318483e-09 -3.94818501e-08 -1.26228472e-09
362       6.758522 -1.35464922e-08  9.22066150e-09 -3.96320315e-08 -1.32162805e-09
362       6.775189 -1.34299254e-08  9.24121150e-09 -3.97058948e-08 -1.30799139e-09
362       6.791855 -1.32764822e-08  9.30848816e-09 -3.99264313e-08 -1.27897805e-09
362       6.808522 -1.31392425e-08  9.33053650e-09 -4.00439556e-08 -1.27190305e-09
362       6.825189 -1.29815299e-08  9.35213150e-09 -4.01039178e-08 -1.25040805e-09
362       6.841855 -1.27528312e-08  9.19985483e-09 -4.03269038e-08 -1.42810305e-09
362       6.858522 -1.25586790e-08  9.24187483e-09 -4.05295050e-08 -1.41585305e-09
362       6.875188 -1.24355325e-08  9.34503150e-09 -4.06317490e-08 -1.32793305e-09
362       6.891855 -1.23430972e-08  9.24323816e-09 -4.07764445e-08 -1.45116639e-09
362       6.908521 -1.22527924e-08  9.32651316e-09 -4.08751385e-08 -1.38466972e-09
362       6.925188 -1.21009975e-08  9.37332816e-09 -4.09775628e-08 -1.34885139e-09
362       6.941855 -1.19376789e-08  9.35347816e-09 -4.11222575e-08 -1.38623972e-09
362       6.958522 -1.18707115e-08  9.51386316e-09 -4.11749995e-08 -1.23663972e-09
362       6.975188 -1.18298930e-08  9.58141483e-09 -4.11842265e-08 -1.16955305e-09
362       6.991855 -1.18492052e-08  9.74122650e-09 -4.11443016e-08 -1.00724305e-09
362       7.008522 -1.17346502e-08  9.98135482e-09 -4.11516888e-08 -7.65748052e-10
362       7.025188 -1.16593004e-08  1.00926215e-08 -4.11314693e-08 -6.46484719e-10
362       7.041855 -1.14529667e-08  1.01453298e-08 -4.12335100e-08 -5.99971386e-10
362       7.058521 -1.12365134e-08  1.03916565e-08 -4.10747888e-08 -3.05649719e-10
362       7.075188 -1.11451867e-08  1.06564365e-08 -4.09553581e-08 -1.35730520e-11
362       7.091854 -1.11044649e-08  1.08535815e-08 -4.09285368e-08  1.87353614e-10
362       7.108521 -1.09939459e-08  1.11298365e-08 -4.09454315e-08  4.61371948e-10
362       7.125188 -1.07833334e-08  1.13235981e-08 -4.10272411e-08  6.49655281e-10
362       7.141854 -1.06217995e-08  1.14954681e-08 -4.10673281e-08  8.21755281e-10
362       7.158521 -1.04652444e-08  1.16398415e-08 -4.11447743e-08  9.58280281e-10
362       7.175188 -1.03955790e-08  1.18005781e-08 -4.11142921e-08  1.12734028e-09
362       7.191855 -1.02869962e-08  1.20054265e-08 -4.11425230e-08  1.32936028e-09
362       7.208521 -1.00767629e-08  1.21677798e-08 -4.13030143e-08  1.46931361e-09
362       7.225188 -9.92593625e-09  1.21538631e-08 -4.14606353e-08  1.43365028e-09
362       7.241854 -9.89237475e-09  1.22342181e-08 -4.14091375e-08  1.52626361e-09
362       7.258521 -9.77605758e-09  1.23336248e-08 -4.14671538e-08  1.61997195e-09
362       7.275188 -9.61159392e-09  1.23769981e-08 -4.16098353e-08  1.64446528e-09
362       7.291854 -9.41261325e-09  1.25082898e-08 -4.17628600e-08  1.75500195e-09
362       7.308521 -9.45742458e-09  1.24428865e-08 -4.18129751e-08  1.67617361e-09
362       7.325188 -9.47020958e-09  1.25086115e-08 -4.18833241e-08  1.72281695e-09
362       7.341854 -9.47274342e-09  1.24848531e-08 -4.19307146e-08  1.68881361e-09
362       7.358521 -9.48978075e-09  1.25238931e-08 -4.19138185e-08  1.72896861e-09
362       7.375187 -9.64569275e-09  1.25945015e-08 -4.16963280e-08  1.83273528e-09
362       7.391854 -9.58037725e-09  1.28506248e-08 -4.15740790e-08  2.11472195e-09
362       7.408520 -9.53628475e-09  1.28655381e-08 -4.15062803e-08  2.14850528e-09
362       7.425187 -9.62532992e-09  1.27990515e-08 -4.15187615e-08  2.07319195e-09
362       7.441854 -9.45638075e-09  1.30000815e-08 -4.16213170e-08  2.26009861e-09
362       7.458520 -9.39975458e-09  1.30135465e-08 -4.16562911e-08  2.27030861e-09
362       7.475187 -9.30022192e-09  1.30783831e-08 -4.17820501e-08  2.31363028e-09
362       7.491854 -9.00953842e-09  1.33555581e-08 -4.19010440e-08  2.58159028e-09
362       7.508520 -8.99275792e-09  1.34227081e-08 -4.19717536e-08  2.63219528e-09
362       7.525187 -8.93511475e-09  1.34811798e-08 -4.20156053e-08  2.68413028e-09
362       7.541853 -8.89014892e-09  1.34888881e-08 -4.20390988e-08  2.69033528e-09
362       7.558520 -8.86297325e-09  1.34353815e-08 -4.20478730e-08  2.63889695e-09
362       7.575186 -8.80040758e-09  1.34382065e-08 -4.21815100e-08  2.61697028e-09
362       7.591853 -8.90671808e-09  1.33889998e-08 -4.22562155e-08  2.54275861e-09
362       7.608520 -8.91563375e-09  1.33264648e-08 -4.24216350e-08  2.44380861e-09
362       8.227920 -8.83414142e-09  1.57744948e-08 -4.59984236e-08  4.01474361e-09
362       8.395270 -8.71658708e-09  1.70887515e-08 -4.75319008e-08  4.95247695e-09
362       8.411937 -8.88092158e-09  1.75079181e-08 -4.80516460e-08  5.22648361e-09
362       8.428604 -8.71190275e-09  1.78643865e-08 -4.82690776e-08  5.53815528e-09
362       8.445270 -8.29639975e-09  1.81145148e-08 -4.88287925e-08  5.69131528e-09
362       8.461937 -8.39300492e-09  1.79265465e-08 -4.87013221e-08  5.52919528e-09
362       8.478603 -8.56630175e-09  1.79230781e-08 -4.89465765e-08  5.45470028e-09
362       8.495270 -8.99369642e-09  1.79870815e-08 -4.92599998e-08  5.40737361e-09
362       8.511937 -9.45856208e-09  1.80813298e-08 -4.92599028e-08  5.45702028e-09
362       8.528603 -9.81778090e-09  1.83809681e-08 -4.97856836e-08  5.59625861e-09
362       8.545270 -1.04399080e-08  1.83679181e-08 -5.02438485e-08  5.42394528e-09
362       8.561936 -1.06835407e-08  1.84435348e-08 -5.07123211e-08  5.36930195e-09
362       8.578603 -1.06233779e-08  1.87075531e-08 -5.08574678e-08  5.59788861e-09
362       8.595269 -1.00942787e-08  1.98152931e-08 -5.20297306e-08  6.45437361e-09
362       8.611936 -9.46750024e-09  1.97636915e-08 -5.26031478e-08  6.33085528e-09
362       8.628603 -9.61112708e-09  2.03986015e-08 -5.32792578e-08  6.78062861e-09
362       8.645270 -9.70982592e-09  2.08393348e-08 -5.35575560e-08  7.13621361e-09
362       8.661936 -9.25949625e-09  2.14143815e-08 -5.42570843e-08  7.57606361e-09
362       8.678603 -9.75953257e-09  2.14167265e-08 -5.45351883e-08  7.47044528e-09
362       8.695269 -1.03825557e-08  2.10751198e-08 -5.31629836e-08  7.39376361e-09
362       8.711936 -1.10446217e-08  2.10695998e-08 -5.30468375e-08  7.35523695e-09
362       8.728603 -1.15411970e-08  2.12424481e-08 -5.33027596e-08  7.42033195e-09
362       8.745269 -1.19317254e-08  2.11976765e-08 -5.33735730e-08  7.32579528e-09
362       8.761936 -1.22729157e-08  2.07545765e-08 -5.24619091e-08  7.07179861e-09
362       8.778603 -1.23530904e-08  2.06026615e-08 -5.19394588e-08  7.03555028e-09
362       8.795269 -1.29914539e-08  2.08409815e-08 -5.26381083e-08  7.05118695e-09
362       8.811936 -1.32671484e-08  2.06173165e-08 -5.20939433e-08  6.93270028e-09
362       8.828602 -1.37580299e-08  2.05273948e-08 -5.20510463e-08  6.81114695e-09
362       8.845269 -1.39311514e-08  2.04565498e-08 -5.17582896e-08  6.79317695e-09
362       8.861936 -1.45118325e-08  2.06635131e-08 -5.19960386e-08  6.88796195e-09
362       8.878602 -1.57299679e-08  2.08788465e-08 -5.26761153e-08  6.83351528e-09
362       8.895269 -1.62722480e-08  2.10303465e-08 -5.22619193e-08  7.02557195e-09
362       8.911935 -1.61636570e-08  2.12223131e-08 -5.16345691e-08  7.36356028e-09
362       8.928602 -1.52850279e-08  2.11350465e-08 -5.01502788e-08  7.69385028e-09
362       8.945269 -1.50462427e-08  2.17569481e-08 -5.15009415e-08  8.01260361e-09
362       8.961935 -1.51518087e-08  2.21021348e-08 -5.17511925e-08  8.28126028e-09
362       8.978602 -1.50566694e-08  2.20766581e-08 -5.05852990e-08  8.52908195e-09
362       8.995268 -1.53200740e-08  2.21253998e-08 -4.94904895e-08  8.80064861e-09
362       9.011935 -1.44917794e-08  2.28074665e-08 -5.05232795e-08  9.30260861e-09
362       9.028602 -1.35535907e-08  2.37197798e-08 -5.25889073e-08  9.80398362e-09
362       9.045268 -1.33999485e-08  2.45763015e-08 -5.39849301e-08  1.03324836e-08
362       9.061935 -1.34220125e-08  2.48837081e-08 -5.41341050e-08  1.05948970e-08
362       9.078602 -1.26886869e-08  2.48861615e-08 -5.32313935e-08  1.08674470e-08
362       9.095268 -1.30885115e-08  2.50458331e-08 -5.34853756e-08  1.09289286e-08
362       9.111935 -1.37580430e-08  2.45606581e-08 -5.20587933e-08  1.07211953e-08
362       9.128601 -1.42696672e-08  2.43742898e-08 -5.12653203e-08  1.06741720e-08
362       9.145268 -1.41992184e-08  2.45906681e-08 -5.22960500e-08  1.06570020e-08
362       9.161935 -1.46735785e-08  2.47311631e-08 -5.24299453e-08  1.07203770e-08
362       9.178602 -1.50900610e-08  2.45263115e-08 -5.12769006e-08  1.07453736e-08
362       9.195268 -1.62955672e-08  2.42818215e-08 -4.99722401e-08  1.06954970e-08
362       9.211935 -1.78597864e-08  2.38667165e-08 -4.84542510e-08  1.04963920e-08
362       9.228601 -1.93411837e-08  2.36033881e-08 -4.76680113e-08  1.02862636e-08
362       9.245268 -2.02643657e-08  2.35219365e-08 -4.76755806e-08  1.01228336e-08
362       9.261934 -2.14469630e-08  2.31087965e-08 -4.64677330e-08  9.88978862e-09
362       9.278601 -2.19889314e-08  2.28292481e-08 -4.50136365e-08  9.89954862e-09
362       9.295268 -2.22746732e-08  2.29356615e-08 -4.38792276e-08  1.02341936e-08
362       9.311935 -2.29294282e-08  2.36005615e-08 -4.46485238e-08  1.06461153e-08
362       9.328601 -2.35005849e-08  2.37616065e-08 -4.41806716e-08  1.08571736e-08
362       9.345267 -2.33837110e-08  2.39890681e-08 -4.29163618e-08  1.13747436e-08
362       9.361934 -2.34286300e-08  2.43396265e-08 -4.27979863e-08  1.17375370e-08
362       9.378601 -2.38451125e-08  2.44689498e-08 -4.34262783e-08  1.16833036e-08
362       9.395267 -2.50467160e-08  2.47250415e-08 -4.37554913e-08  1.17495370e-08
362       9.411934 -2.55371785e-08  2.57160581e-08 -4.39063911e-08  1.26326170e-08
362       9.428601 -2.60110862e-08  2.60167598e-08 -4.25467790e-08  1.31899503e-08
362       9.445267 -2.68172947e-08  2.58270548e-08 -4.26554663e-08  1.29092203e-08
362       9.461934 -2.78381699e-08  2.55236415e-08 -4.28077678e-08  1.24891336e-08
362       9.478601 -2.82594449e-08  2.52928265e-08 -4.21608086e-08  1.23742253e-08
362       9.495269 -2.90376142e-08  2.55253831e-08 -4.26779895e-08  1.24130070e-08
362       9.511936 -3.00115817e-08  2.52241248e-08 -4.27508251e-08  1.20172636e-08
362       9.528600 -3.08202689e-08  2.52196981e-08 -4.24757965e-08  1.20030370e-08
362       9.545267 -3.12063410e-08  2.57843231e-08 -4.23149476e-08  1.25526003e-08
362       9.561934 -3.16125729e-08  2.57810565e-08 -4.28386893e-08  1.23944670e-08
362       9.578600 -3.24299122e-08  2.53453798e-08 -4.20638243e-08  1.20745120e-08
362       9.595267 -3.22959769e-08  2.60091448e-08 -4.21393286e-08  1.27131370e-08
362       9.611933 -3.28756085e-08  2.66006748e-08 -4.24455961e-08  1.31656736e-08
362       9.628600 -3.31773284e-08  2.66655248e-08 -4.18485811e-08  1.33369303e-08
362       9.645267 -3.33594592e-08  2.71297631e-08 -4.11018403e-08  1.39401603e-08
362       9.661933 -3.32845859e-08  2.78366181e-08 -4.15053088e-08  1.45409653e-08
362       9.678600 -3.38268815e-08  2.76044481e-08 -4.10033026e-08  1.43811486e-08
362       9.695267 -3.44665442e-08  2.76043331e-08 -4.14086200e-08  1.42320820e-08
362       9.711933 -3.48636682e-08  2.77134015e-08 -4.09873343e-08  1.43979053e-08
362       9.728600 -3.56024807e-08  2.76941065e-08 -4.04835601e-08  1.44274403e-08
362       9.745267 -3.61770079e-08  2.78694781e-08 -4.12336998e-08  1.43762503e-08
362       9.761933 -3.64014260e-08  2.78109915e-08 -4.10036200e-08  1.43516670e-08
362       9.778600 -3.68755942e-08  2.80918248e-08 -4.13961091e-08  1.44927870e-08
362       9.795267 -3.73671244e-08  2.88684248e-08 -4.24260655e-08  1.49687936e-08
362       9.811933 -3.80027165e-08  2.89765515e-08 -4.16621543e-08  1.51900636e-08
362       9.828600 -3.83538624e-08  2.90010148e-08 -4.18871121e-08  1.51315270e-08
362       9.845266 -3.89385720e-08  2.91888265e-08 -4.16455483e-08  1.53162703e-08
362       9.861933 -3.90341177e-08  2.92589965e-08 -4.08029616e-08  1.55667820e-08
362       9.878599 -3.96866394e-08  3.00047365e-08 -4.21540631e-08  1.59257220e-08
362       9.895266 -4.00732277e-08  3.03505581e-08 -4.26591553e-08  1.61122186e-08
362       9.911933 -4.04709947e-08  3.07722681e-08 -4.23336405e-08  1.65595553e-08
362       9.928599 -4.07424907e-08  3.09485081e-08 -4.20139358e-08  1.67787403e-08
362       9.945266 -4.10763275e-08  3.12585081e-08 -4.15648263e-08  1.71514570e-08
362       9.961933 -4.16734297e-08  3.10729881e-08 -4.10331071e-08  1.70388286e-08
362       9.978599 -4.22454572e-08  3.11106165e-08 -4.05528433e-08  1.71332136e-08
362       9.995265 -4.27268264e-08  3.12420281e-08 -4.03210335e-08  1.72703420e-08
362      10.011932 -4.24247515e-08  3.14200481e-08 -3.98613451e-08  1.75740820e-08
362      10.028599 -4.31136615e-08  3.19621248e-08 -4.09394236e-08  1.77941636e-08
362      10.045266 -4.36497910e-08  3.21300315e-08 -4.15294218e-08  1.77755836e-08
362      10.061932 -4.42517374e-08  3.23674415e-08 -4.23599510e-08  1.77640736e-08
362      10.078599 -4.45615555e-08  3.24964848e-08 -4.24141990e-08  1.78493670e-08
362      10.095265 -4.48997660e-08  3.28100998e-08 -4.25971378e-08  1.80820070e-08
362      10.111932 -4.53707895e-08  3.31290331e-08 -4.29017363e-08  1.82804086e-08
362      10.128599 -4.55710884e-08  3.34835498e-08 -4.27658553e-08  1.86372320e-08
362      10.145265 -4.56700170e-08  3.37996131e-08 -4.27924810e-08  1.89289503e-08
362      10.161932 -4.62324885e-08  3.40029448e-08 -4.27823440e-08  1.90784170e-08
362      10.178599 -4.64593260e-08  3.40921065e-08 -4.28951091e-08  1.91191720e-08
362      10.195265 -4.67623010e-08  3.40663748e-08 -4.27484365e-08  1.91004970e-08
362      10.211932 -4.70363362e-08  3.39172881e-08 -4.24129171e-08  1.90075603e-08
362      10.228598 -4.72151622e-08  3.41632481e-08 -4.20280006e-08  1.93174186e-08
362      10.245265 -4.76521562e-08  3.41418715e-08 -4.20758880e-08  1.92469720e-08
362      10.261932 -4.79030162e-08  3.41668765e-08 -4.19226101e-08  1.92836486e-08
362      10.278598 -4.79333302e-08  3.43505881e-08 -4.16568715e-08  1.95193620e-08
362      10.295265 -4.82528154e-08  3.46691065e-08 -4.18197933e-08  1.97629753e-08
362      10.311931 -4.81712869e-08  3.49877581e-08 -4.19644283e-08  2.00465103e-08
362      10.328598 -4.85795835e-08  3.51944681e-08 -4.24555735e-08  2.00994186e-08
362      10.345265 -4.87606802e-08  3.53476598e-08 -4.18585705e-08  2.03671786e-08
362      10.361931 -4.92872000e-08  3.55354848e-08 -4.24141198e-08  2.03766770e-08
362      10.378598 -4.90064092e-08  3.57229715e-08 -4.25469485e-08  2.05533920e-08
362      10.395265 -4.93316179e-08  3.58938631e-08 -4.32057175e-08  2.05409820e-08
362      10.411931 -4.94288474e-08  3.60242831e-08 -4.34700278e-08  2.05989636e-08
362      10.428598 -4.95670604e-08  3.63661481e-08 -4.39884128e-08  2.08008436e-08
362      10.445264 -4.98053802e-08  3.62579881e-08 -4.44768525e-08  2.05641020e-08
362      10.461931 -4.99893454e-08  3.60132515e-08 -4.41362965e-08  2.03875203e-08
362      10.478598 -4.99174645e-08  3.62159265e-08 -4.45795091e-08  2.04900920e-08
362      10.495265 -4.98976929e-08  3.61840248e-08 -4.45613308e-08  2.04650203e-08
362      10.511931 -5.02103450e-08  3.63344515e-08 -4.42730535e-08  2.06484470e-08
362      10.528597 -5.06685984e-08  3.61804698e-08 -4.36932695e-08  2.05897253e-08
362      10.545264 -5.09296024e-08  3.62892648e-08 -4.39763026e-08  2.06079336e-08
362      10.561931 -5.11691322e-08  3.63720481e-08 -4.40651493e-08  2.06468086e-08
362      10.578598 -5.12454349e-08  3.66381598e-08 -4.42667536e-08  2.08524936e-08
362      10.595264 -5.15158652e-08  3.66604148e-08 -4.31596688e-08  2.11008503e-08
362      10.611931 -5.18618169e-08  3.68296031e-08 -4.35570556e-08  2.11442070e-08
362      10.628598 -5.21339069e-08  3.70240281e-08 -4.40192925e-08  2.12038970e-08
362      10.645264 -5.19869855e-08  3.72431881e-08 -4.46940140e-08  2.12766836e-08
362      10.661931 -5.19715842e-08  3.75382348e-08 -4.57827841e-08  2.13176153e-08
362      10.678597 -5.17841615e-08  3.77168381e-08 -4.61129558e-08  2.14327203e-08
362      10.695264 -5.12311499e-08  3.76386181e-08 -4.60298455e-08  2.14247986e-08
362      10.711931 -5.12960279e-08  3.76557781e-08 -4.60603606e-08  2.14287736e-08
362      10.728597 -5.13119457e-08  3.77186965e-08 -4.62488535e-08  2.14457086e-08
362      10.745264 -5.16351514e-08  3.75339848e-08 -4.61096671e-08  2.12693520e-08
362      10.761930 -5.22105757e-08  3.69674765e-08 -4.44148066e-08  2.10526403e-08
362      10.778597 -5.24361724e-08  3.67370348e-08 -4.35065088e-08  2.10148536e-08
362      10.795264 -5.28237357e-08  3.69896165e-08 -4.35371718e-08  2.12184770e-08
362      10.811930 -5.31457874e-08  3.69179948e-08 -4.30670080e-08  2.12269353e-08
362      10.828597 -5.37065424e-08  3.69014465e-08 -4.36072391e-08  2.10387020e-08
362      10.845263 -5.38912142e-08  3.66563931e-08 -4.25198180e-08  2.10309836e-08
362      10.861930 -5.41390780e-08  3.69061898e-08 -4.28900043e-08  2.11674136e-08
362      10.878597 -5.43977402e-08  3.70254998e-08 -4.33753721e-08  2.11502103e-08
362      10.895264 -5.44891367e-08  3.75817531e-08 -4.54004941e-08  2.12229070e-08
362      10.911930 -5.47511009e-08  3.75073481e-08 -4.58711921e-08  2.10208753e-08
362      10.928596 -5.47615374e-08  3.75684398e-08 -4.63210975e-08  2.09773136e-08
362      10.945263 -5.50985805e-08  3.78732298e-08 -4.67750456e-08  2.11402270e-08
362      10.961930 -5.52700219e-08  3.77258598e-08 -4.66189558e-08  2.10174186e-08
362      10.978597 -5.55356805e-08  3.79574298e-08 -4.73460983e-08  2.10537936e-08
362      10.995263 -5.55229770e-08  3.81671881e-08 -4.72184630e-08  2.12872870e-08
362      11.011930 -5.56134784e-08  3.79401565e-08 -4.57416068e-08  2.13935086e-08
362      11.028597 -5.57944542e-08  3.77900648e-08 -4.46705171e-08  2.14744703e-08
362      11.045263 -5.57820632e-08  3.80787865e-08 -4.47644265e-08  2.17343420e-08
362      11.061929 -5.61613955e-08  3.83468781e-08 -4.58811535e-08  2.17077920e-08
362      11.078596 -5.64171684e-08  3.80524531e-08 -4.52353521e-08  2.15458003e-08
362      11.095263 -5.67180885e-08  3.77450898e-08 -4.37049171e-08  2.15676503e-08
362      11.111929 -5.70541735e-08  3.75016465e-08 -4.28181996e-08  2.15025820e-08
362      11.128596 -5.72327212e-08  3.74840498e-08 -4.28180406e-08  2.14697136e-08
362      11.145262 -5.71816562e-08  3.76399098e-08 -4.38396646e-08  2.13939720e-08
362      11.161929 -5.73206604e-08  3.76613898e-08 -4.38790615e-08  2.13935670e-08
362      11.178596 -5.77793657e-08  3.76925181e-08 -4.35321986e-08  2.14616570e-08
362      11.195262 -5.69471050e-08  3.76742231e-08 -4.37710020e-08  2.14636720e-08
362      11.211929 -5.79101284e-08  3.79492381e-08 -4.45859425e-08  2.14603686e-08
362      11.228596 -5.81123105e-08  3.83443098e-08 -4.58880013e-08  2.15307170e-08
362      11.245262 -5.81943844e-08  3.83467565e-08 -4.62792258e-08  2.14372286e-08
362      11.261929 -5.82131545e-08  3.83153365e-08 -4.64515856e-08  2.13660503e-08
362      11.278595 -5.83356697e-08  3.85032781e-08 -4.69957891e-08  2.14142386e-08
362      11.295262 -5.87076180e-08  3.87570148e-08 -4.78524976e-08  2.14333903e-08
362      11.311929 -5.88546550e-08  3.88199315e-08 -4.74996178e-08  2.15612836e-08
362      11.328596 -5.90947049e-08  3.87838681e-08 -4.76735088e-08  2.14656436e-08
362      11.345262 -5.92877727e-08  3.84770831e-08 -4.68038558e-08  2.13478970e-08
362      11.361929 -5.94755855e-08  3.80829298e-08 -4.53982223e-08  2.12672753e-08
362      11.378595 -5.97180872e-08  3.76574698e-08 -4.41690940e-08  2.11115086e-08
362      11.395262 -6.00077755e-08  3.76899281e-08 -4.45685255e-08  2.10268470e-08
362      11.411929 -5.96710825e-08  3.73667948e-08 -4.40224026e-08  2.08669653e-08
362      11.428595 -5.97745367e-08  3.72861265e-08 -4.41550020e-08  2.07495070e-08
362      11.445262 -6.01097899e-08  3.73626098e-08 -4.44222923e-08  2.07334453e-08
362      11.461929 -6.04233597e-08  3.75074998e-08 -4.46288725e-08  2.07993953e-08
362      11.478595 -6.04792122e-08  3.75831898e-08 -4.57487373e-08  2.06142053e-08
362      11.495262 -6.05561325e-08  3.74432198e-08 -4.62683363e-08  2.03539420e-08
362      11.511929 -6.06578649e-08  3.76700315e-08 -4.60873963e-08  2.06058953e-08
362      11.528595 -6.07530294e-08  3.75271598e-08 -4.58971953e-08  2.05019820e-08
362      11.545262 -6.05430834e-08  3.75780298e-08 -4.70578506e-08  2.03070686e-08
362      11.561928 -6.08879564e-08  3.79841165e-08 -4.78787233e-08  2.04845170e-08
362      11.578595 -6.11098892e-08  3.77169698e-08 -4.71282851e-08  2.03756536e-08
362      11.595261 -6.13875495e-08  3.76388865e-08 -4.72923733e-08  2.02381603e-08
362      11.611928 -6.16621187e-08  3.78191998e-08 -4.71500921e-08  2.04209636e-08
362      11.628595 -6.17530815e-08  3.79983081e-08 -4.75332101e-08  2.04998686e-08
362      11.645261 -6.20407055e-08  3.76122465e-08 -4.68856788e-08  2.02465670e-08
362      11.661928 -6.22185619e-08  3.77307581e-08 -4.72582590e-08  2.02613836e-08
362      11.678594 -6.20266150e-08  3.76532465e-08 -4.62334166e-08  2.04353103e-08
362      11.695261 -6.20386245e-08  3.75838665e-08 -4.65441235e-08  2.02965736e-08
362      11.711928 -6.20651712e-08  3.74622098e-08 -4.66572045e-08  2.01506053e-08
362      11.728594 -6.23817512e-08  3.71917065e-08 -4.50505131e-08  2.02240853e-08
362      11.745261 -6.22100772e-08  3.70355131e-08 -4.48321831e-08  2.01372453e-08
362      11.761928 -6.12321462e-08  3.67085281e-08 -4.49001298e-08  1.98913503e-08
362      11.778594 -6.13743177e-08  3.63249081e-08 -4.37121273e-08  1.97757503e-08
362      11.795261 -6.11089014e-08  3.59874865e-08 -4.21571221e-08  1.98242770e-08
362      11.811928 -6.08101702e-08  3.59015731e-08 -4.14067521e-08  1.99374370e-08
362      11.828594 -6.03060184e-08  3.57752181e-08 -3.99665811e-08  2.01859203e-08
362      11.845261 -6.04220925e-08  3.58287431e-08 -3.96355510e-08  2.03025870e-08
362      11.861927 -6.04863100e-08  3.60137865e-08 -3.91012948e-08  2.05974603e-08
362      11.878594 -6.03329234e-08  3.61022231e-08 -3.90539888e-08  2.07075470e-08
362      11.895261 -5.99131029e-08  3.56395548e-08 -3.79812435e-08  2.05391586e-08
362      11.911927 -5.93828675e-08  3.52164031e-08 -3.70406913e-08  2.03889336e-08
362      11.928593 -5.92892139e-08  3.51102781e-08 -3.70369928e-08  2.02951436e-08
362      11.945261 -5.99507399e-08  3.49472031e-08 -3.70661266e-08  2.00717420e-08
362      11.961927 -6.05418424e-08  3.53523548e-08 -3.88386978e-08  2.00105203e-08
362      11.978594 -6.10974055e-08  3.60546015e-08 -4.11137181e-08  2.01268270e-08
362      11.995260 -6.12568060e-08  3.61852148e-08 -4.18224573e-08  2.00787886e-08
362      12.011927 -6.14209359e-08  3.63538715e-08 -4.30983813e-08  1.99387570e-08
362      12.028594 -6.11425365e-08  3.60188465e-08 -4.33996096e-08  1.95702136e-08
362      12.045260 -5.72345675e-08  4.16581415e-08 -4.46726886e-08  2.50992786e-08
362      12.061927 -6.21658520e-08  3.23015065e-08 -4.35597270e-08  1.58400370e-08
362      12.078594 -6.03840102e-08  3.54398898e-08 -4.32089671e-08  1.91190520e-08
362      12.095260 -6.08146255e-08  3.51454065e-08 -4.28744023e-08  1.88710620e-08
362      12.111927 -6.05100609e-08  3.47683565e-08 -4.22101478e-08  1.86828303e-08
362      12.128593 -5.99636237e-08  3.40212631e-08 -4.03202025e-08  1.84349103e-08
362      12.145260 -5.98805639e-08  3.38437748e-08 -4.06730940e-08  1.81901320e-08
362      12.161927 -6.03019712e-08  3.40281281e-08 -4.15800555e-08  1.81260586e-08
362      12.178593 -6.10506885e-08  3.37660631e-08 -4.07344570e-08  1.79971570e-08
362      12.195260 -6.16995302e-08  3.43687781e-08 -4.31987593e-08  1.79658770e-08
362      12.211926 -6.11165952e-08  3.45597565e-08 -4.40184075e-08  1.80170753e-08
362      12.228593 -6.06940754e-08  3.43492715e-08 -4.29832470e-08  1.80848586e-08
362      12.245259 -6.02874519e-08  3.40708581e-08 -4.07941896e-08  1.83468870e-08
362      12.261926 -5.96758445e-08  3.36335031e-08 -3.87838726e-08  1.84325153e-08
362      12.278593 -5.94022440e-08  3.33165348e-08 -3.75458620e-08  1.84299803e-08
362      12.295260 -6.02086020e-08  3.39836581e-08 -3.99358376e-08  1.84638286e-08
362      12.311926 -5.79800745e-08  3.77278781e-08 -4.16100343e-08  2.19137570e-08
362      12.328593 -6.10183520e-08  3.36342015e-08 -3.98817538e-08  1.80653770e-08
362      12.345259 -6.13325500e-08  3.36936031e-08 -4.08296545e-08  1.78803253e-08
362      12.361926 -6.18676052e-08  3.40544398e-08 -4.26481935e-08  1.77708286e-08
362      12.378593 -6.21221429e-08  3.37290515e-08 -4.15214761e-08  1.76879886e-08
362      12.395259 -6.13903317e-08  3.38017398e-08 -4.24087403e-08  1.76222603e-08
362      12.411926 -6.07529719e-08  3.38374248e-08 -4.31405386e-08  1.75475603e-08
362      12.428592 -6.05063287e-08  3.35970215e-08 -4.15489341e-08  1.76968586e-08
362      12.445259 -6.04437752e-08  3.31798915e-08 -3.99004055e-08  1.76714036e-08
362      12.461926 -6.05359114e-08  3.33166865e-08 -4.11371953e-08  1.75156303e-08
362      12.478592 -6.10986902e-08  3.35180148e-08 -4.22120588e-08  1.74174686e-08
362      12.495259 -6.19223917e-08  3.36699848e-08 -4.32073435e-08  1.72663820e-08
362      12.511926 -6.17962905e-08  3.36380981e-08 -4.25626325e-08  1.73927020e-08
362      12.528592 -6.19172712e-08  3.36564415e-08 -4.23733158e-08  1.74426786e-08
362      12.545259 -6.26528682e-08  3.35111131e-08 -4.31313601e-08  1.70647870e-08
362      12.561926 -6.29501577e-08  3.35501965e-08 -4.31374483e-08  1.70750053e-08
362      12.578592 -6.34740424e-08  3.40648365e-08 -4.42964316e-08  1.72652103e-08
362      12.595259 -6.40353220e-08  3.43837731e-08 -4.57547016e-08  1.71945336e-08
362      12.611926 -6.43509354e-08  3.42868848e-08 -4.54542113e-08  1.71406720e-08
362      12.628592 -6.36310559e-08  3.41096065e-08 -4.53255891e-08  1.70615886e-08
362      12.645258 -6.31619104e-08  3.38722081e-08 -4.52228593e-08  1.68961270e-08
362      12.661925 -6.27151492e-08  3.34620498e-08 -4.48432120e-08  1.66238636e-08
362      12.678592 -6.25505485e-08  3.31144915e-08 -4.39548876e-08  1.65025653e-08
362      12.695259 -6.24561560e-08  3.28689098e-08 -4.39033906e-08  1.62843820e-08
362      12.711925 -6.26138195e-08  3.25710065e-08 -4.40167111e-08  1.59557886e-08
362      12.728591 -6.28202424e-08  3.19100648e-08 -4.20976260e-08  1.57312986e-08
362      12.745259 -6.26708507e-08  3.09816281e-08 -3.89356825e-08  1.55606153e-08
362      12.761925 -6.26284222e-08  3.07284881e-08 -3.92358536e-08  1.52507936e-08
362      12.778591 -6.27968117e-08  3.08717248e-08 -4.03040848e-08  1.51326736e-08
362      12.795258 -6.33238380e-08  3.07899048e-08 -3.95419011e-08  1.51794003e-08
362      12.811925 -6.43140020e-08  3.06814815e-08 -3.92479713e-08  1.50532070e-08
362      12.828592 -6.51773177e-08  3.03546631e-08 -3.83423920e-08  1.48650803e-08
362      12.845258 -6.60486469e-08  3.01538898e-08 -3.78713523e-08  1.47000186e-08
362      12.861925 -6.68052525e-08  2.95815781e-08 -3.62658633e-08  1.44419786e-08
362      12.878591 -6.61423869e-08  2.95295265e-08 -3.70350545e-08  1.42757486e-08
362      12.895258 -6.57542287e-08  2.88723581e-08 -3.50658935e-08  1.41192203e-08
362      12.911924 -6.61100717e-08  2.85170265e-08 -3.38133906e-08  1.40271686e-08
362      12.928591 -6.68711604e-08  2.79356048e-08 -3.18942730e-08  1.38312236e-08
362      12.945258 -6.66247040e-08  2.78766048e-08 -3.24057441e-08  1.36797786e-08
362      12.961924 -6.64058004e-08  2.76109565e-08 -3.04750415e-08  1.38795453e-08
362      12.978591 -6.58802069e-08  2.68177548e-08 -2.76434255e-08  1.37993170e-08
362      12.995258 -6.58560212e-08  2.60932065e-08 -2.55265421e-08  1.35792553e-08
362      13.011924 -6.52601302e-08  2.58197665e-08 -2.53754198e-08  1.34010936e-08
362      13.028591 -6.52940329e-08  2.62166715e-08 -2.70781060e-08  1.33965170e-08
362      13.045258 -6.53007535e-08  2.61415081e-08 -2.72339785e-08  1.32876553e-08
362      13.061924 -6.57983824e-08  2.53427365e-08 -2.51775860e-08  1.29357370e-08
362      13.078591 -6.53531217e-08  2.47397365e-08 -2.34765865e-08  1.27765236e-08
362      13.095257 -6.51750774e-08  2.44923631e-08 -2.30106440e-08  1.26581753e-08
362      13.111923 -6.49754240e-08  2.39114115e-08 -2.07698321e-08  1.26213303e-08
362      13.128591 -6.60404944e-08  2.42389798e-08 -2.19523838e-08  1.25761770e-08
362      13.145257 -6.66382980e-08  2.39716765e-08 -2.11367995e-08  1.24492703e-08
362      13.161924 -6.61889934e-08  2.38550448e-08 -2.20159028e-08  1.21762570e-08
362      13.178591 -6.63099787e-08  2.37888965e-08 -2.21511025e-08  1.20706853e-08
362      13.195257 -6.62884357e-08  2.36821281e-08 -2.14546428e-08  1.21272220e-08
362      13.211924 -6.63597809e-08  2.29845248e-08 -1.98835166e-08  1.18012303e-08
362      13.228590 -6.57310680e-08  2.23163631e-08 -1.88574645e-08  1.14419586e-08
362      13.245257 -6.51756870e-08  2.16929798e-08 -1.75648416e-08  1.11802570e-08
362      13.261924 -6.52809982e-08  2.13209998e-08 -1.63744026e-08  1.10806920e-08
362      13.278590 -6.60005890e-08  2.11649131e-08 -1.64157430e-08  1.08562353e-08
362      13.295257 -6.60276245e-08  2.10219548e-08 -1.62347643e-08  1.07563336e-08
362      13.311924 -6.53406657e-08  2.15467115e-08 -1.86554403e-08  1.07759953e-08
362      13.328590 -6.59768310e-08  2.15449198e-08 -1.89053285e-08  1.06611686e-08
362      13.345257 -6.68586635e-08  2.15969798e-08 -1.96922623e-08  1.04548653e-08
362      13.361923 -6.65912270e-08  2.19363015e-08 -2.18414318e-08  1.03194070e-08
362      13.378590 -6.66107665e-08  2.15531865e-08 -2.15734196e-08  1.00069920e-08
362      13.395257 -6.69396807e-08  2.10111165e-08 -2.05405926e-08  9.68679362e-09
362      13.411923 -6.75778000e-08  2.05964631e-08 -1.92706281e-08  9.51669861e-09
362      13.428590 -6.77426887e-08  2.10796165e-08 -2.16753333e-08  9.42442361e-09
362      13.445256 -6.82473942e-08  2.16267115e-08 -2.37998008e-08  9.42788528e-09
362      13.461923 -6.79059909e-08  2.15395098e-08 -2.47217565e-08  9.16415695e-09
362      13.478590 -6.69524519e-08  2.14188765e-08 -2.56274860e-08  8.92587028e-09
362      13.495257 -6.61262745e-08  2.13331431e-08 -2.58757860e-08  8.85945528e-09
362      13.511923 -6.55361990e-08  2.09537665e-08 -2.56396443e-08  8.59735695e-09
362      13.528589 -6.57359514e-08  2.04425948e-08 -2.41890906e-08  8.41328695e-09
362      13.545256 -6.55357595e-08  1.93236465e-08 -1.98187926e-08  8.33846028e-09
362      13.561923 -6.51121055e-08  1.90831498e-08 -1.95802108e-08  8.19692861e-09
362      13.578589 -6.51022125e-08  1.81266115e-08 -1.66331675e-08  7.93978695e-09
362      13.595256 -6.50522319e-08  1.75659981e-08 -1.49606705e-08  7.78069528e-09
362      13.611923 -6.43996965e-08  1.64839481e-08 -1.13725465e-08  7.60486695e-09
362      13.628589 -6.43048365e-08  1.56607548e-08 -9.35886465e-09  7.27290528e-09
362      13.645256 -6.41921547e-08  1.56879298e-08 -1.04900435e-08  7.05196528e-09
362      13.661922 -6.43386102e-08  1.52230531e-08 -9.76309765e-09  6.75350695e-09
362      13.678589 -6.39395619e-08  1.48469081e-08 -9.00314165e-09  6.59694195e-09
362      13.695256 -6.32761400e-08  1.44662765e-08 -7.61259549e-09  6.60288195e-09
362      13.711922 -6.21345939e-08  1.37733981e-08 -6.09813632e-09  6.37666695e-09
362      13.728589 -6.13109795e-08  1.31687115e-08 -3.34581649e-09  6.48958861e-09
362      13.745255 -6.04589335e-08  1.22748065e-08 -6.63480820e-10  6.30885861e-09
362      13.761922 -5.99785097e-08  1.08990781e-08  3.33211785e-09  5.92725695e-09
362      13.778589 -6.08139725e-08  9.86160649e-09  6.11684585e-09  5.48151195e-09
362      13.795256 -6.00753777e-08  8.94891816e-09  7.56634701e-09  4.99227861e-09
362      13.811922 -5.95466150e-08  8.73948150e-09  7.80909101e-09  4.89140361e-09
362      13.828589 -5.98757092e-08  8.25260316e-09  9.12382919e-09  4.68972528e-09
362      13.845255 -5.87464857e-08  7.05872983e-09  1.25614637e-08  4.41587861e-09
362      13.861922 -5.72791219e-08  6.25629650e-09  1.36138279e-08  4.00790695e-09
362      13.878588 -5.68453210e-08  5.38506150e-09  1.51159110e-08  3.54418695e-09
362      13.895255 -5.61209299e-08  5.34331150e-09  1.38549664e-08  3.28042528e-09
362      13.911922 -5.55328799e-08  5.49280150e-09  1.11116199e-08  2.85210361e-09
362      13.928588 -5.50199379e-08  5.41078983e-09  1.01606432e-08  2.60133695e-09
362      13.945255 -5.46409120e-08  4.87976316e-09  1.15889470e-08  2.44570361e-09
362      13.961921 -5.44286919e-08  4.40176983e-09  1.25780259e-08  2.22657695e-09
362      13.978588 -5.44647262e-08  4.72316150e-09  1.14568872e-08  2.27938361e-09
362      13.995255 -5.50315807e-08  4.77379483e-09  1.07356030e-08  2.11371861e-09
362      14.011922 -5.54427595e-08  5.00941650e-09  1.01571077e-08  2.17381361e-09
362      14.028588 -5.61358400e-08  4.44524816e-09  1.18623592e-08  1.95401695e-09
362      14.045255 -5.55715750e-08  3.70749316e-09  1.42166794e-08  1.82560028e-09
362      14.061921 -5.49736419e-08  3.56018150e-09  1.46260072e-08  1.82919361e-09
362      14.078588 -5.46217807e-08  3.74358316e-09  1.30532682e-08  1.67962028e-09
362      14.095255 -5.42648422e-08  3.52817983e-09  1.26617244e-08  1.41318028e-09
362      14.111921 -5.43779307e-08  3.71190150e-09  1.10760664e-08  1.21975695e-09
362      14.128588 -5.53212200e-08  3.42708483e-09  1.16666259e-08  9.94480280e-10
362      14.145254 -5.47646044e-08  2.45129816e-09  1.40999490e-08  6.52618614e-10
362      14.161921 -5.51484319e-08  2.06261150e-09  1.52726954e-08  5.09145281e-10
362      14.178588 -5.49748495e-08  1.52480316e-09  1.72477885e-08  4.53608614e-10
362      14.195254 -5.49894932e-08  1.04646483e-09  1.86482692e-08  3.08045281e-10
362      14.211921 -5.53869145e-08  7.22976500e-10  1.89084717e-08  1.84836148e-11
362      14.228588 -5.54755199e-08  6.64573166e-10  1.89816745e-08 -2.93097186e-11
362      14.245255 -5.52156399e-08  4.23059833e-10  1.95914935e-08 -1.01248052e-10
362      14.261921 -5.57176089e-08  1.25436650e-09  1.64573172e-08 -5.48463852e-11
362      14.278587 -5.56169525e-08  1.97404150e-09  1.48466337e-08  2.84483614e-10
362      14.295254 -5.56534840e-08  2.11952316e-09  1.43683169e-08  3.13215281e-10
362      14.311921 -5.62194380e-08  1.76816650e-09  1.58172070e-08  2.52765281e-10
362      14.328588 -5.65945850e-08  1.25191650e-09  1.73957969e-08  7.90202813e-11
362      14.345254 -5.69609194e-08  4.62971499e-10  1.90937814e-08 -3.31036386e-10
362      14.361921 -5.70314885e-08  7.20364995e-11  2.06025740e-08 -3.72038052e-10
362      14.378587 -5.69105454e-08  3.76436500e-10  1.96995234e-08 -2.72246386e-10
362      14.395254 -5.70597835e-08  2.41856500e-10  1.94410804e-08 -4.74939719e-10
362      14.411920 -5.73015479e-08  9.60243165e-10  1.73485512e-08 -2.77291386e-10
362      14.428587 -5.72835437e-08  1.25432983e-09  1.62674072e-08 -2.37196386e-10
362      14.445254 -5.71416002e-08  1.22360816e-09  1.63600437e-08 -2.33261386e-10
362      14.461921 -5.72000742e-08  1.27841316e-09  1.60285350e-08 -2.60919719e-10
362      14.478587 -5.76630320e-08  9.08489832e-10  1.67278659e-08 -5.01154719e-10
362      14.495253 -5.81558059e-08  1.48987483e-09  1.52146460e-08 -3.26324719e-10
362      14.511920 -5.86663102e-08  1.41093150e-09  1.59917899e-08 -2.70889719e-10
362      14.528587 -5.92723834e-08  8.53844832e-10  1.66433192e-08 -7.16173052e-10
362      14.545254 -5.91367770e-08  8.45894833e-10  1.60982777e-08 -8.36176386e-10
362      14.561920 -5.83113710e-08  9.67079832e-10  1.40793817e-08 -1.10594472e-09
362      14.578587 -5.85265954e-08  7.69059833e-10  1.38892864e-08 -1.36039472e-09
362      14.595253 -5.86417467e-08  7.78316500e-10  1.31412037e-08 -1.53222472e-09
362      14.611920 -5.87491362e-08  5.59004833e-10  1.37377729e-08 -1.61834805e-09
362      14.628587 -5.94480634e-08  7.79139832e-10  1.28134747e-08 -1.67768472e-09
362      14.645253 -5.98444794e-08  9.25261498e-10  1.32235115e-08 -1.47764639e-09
362      14.661920 -5.96876420e-08  5.79938166e-10  1.46089837e-08 -1.48259639e-09
362      14.678587 -5.92318955e-08  1.87976499e-10  1.62307489e-08 -1.45231139e-09
362      14.695253 -5.95725404e-08 -1.04988500e-10  1.74216434e-08 -1.49490805e-09
362      14.711919 -5.98464780e-08 -1.88025167e-10  1.72895335e-08 -1.62984472e-09
362      14.728586 -5.96350992e-08 -4.91798500e-10  1.79133887e-08 -1.76330972e-09
362      14.745253 -5.87941785e-08 -8.82373501e-10  1.88567112e-08 -1.85217472e-09
362      14.761920 -5.89299742e-08 -6.53810167e-10  1.79816540e-08 -1.84227639e-09
362      14.778586 -5.95112779e-08 -7.99928501e-10  1.80904515e-08 -2.01068305e-09
362      14.795253 -5.92751014e-08 -8.18468501e-10  1.75530820e-08 -2.13031972e-09
362      14.811919 -5.79417329e-08 -1.08929517e-09  1.83280007e-08 -2.09777305e-09
362      14.828586 -5.81142107e-08 -1.36551684e-09  1.89269412e-08 -2.24428139e-09
362      14.845253 -5.79887259e-08 -1.46926684e-09  1.91984579e-08 -2.27178305e-09
362      14.861919 -5.72346605e-08 -2.42943850e-09  2.17844830e-08 -2.54563139e-09
362      14.878586 -5.70621250e-08 -2.47037350e-09  2.25965415e-08 -2.38464305e-09
362      14.895253 -5.71980235e-08 -2.26681350e-09  2.28743582e-08 -2.13593472e-09
362      14.911920 -5.72824312e-08 -2.24678017e-09  2.26239929e-08 -2.18115472e-09
362      14.928586 -5.77578544e-08 -2.21124850e-09  2.25782369e-08 -2.19933139e-09
362      14.945252 -5.82374334e-08 -1.85122017e-09  2.19866264e-08 -2.02784639e-09
362      14.961919 -5.88862754e-08 -1.63622350e-09  2.14056030e-08 -2.00957139e-09
362      14.978586 -5.98772072e-08 -1.89546684e-09  2.13668537e-08 -2.35765305e-09
362      14.995252 -6.08195735e-08 -1.79296517e-09  2.08427095e-08 -2.46144472e-09
362      15.011919 -6.14630452e-08 -1.36952184e-09  1.94785164e-08 -2.41927805e-09
362      15.028586 -6.23010510e-08 -1.07873850e-09  1.73104644e-08 -2.70627472e-09
362      15.045252 -6.17024339e-08 -1.05261850e-09  1.66819367e-08 -2.77129472e-09
362      15.061919 -6.08136869e-08 -1.01174184e-09  1.70807042e-08 -2.56190639e-09
362      15.078586 -5.93439117e-08 -1.26211184e-09  1.79508320e-08 -2.47580972e-09
362      15.095252 -5.76913412e-08 -1.65490017e-09  1.97242874e-08 -2.30536972e-09
362      15.111919 -5.74565655e-08 -1.88753517e-09  2.07836224e-08 -2.26833805e-09
362      15.128585 -5.62224734e-08 -2.71722850e-09  2.40779900e-08 -2.21126805e-09
362      15.145252 -5.59498399e-08 -3.17866184e-09  2.49865335e-08 -2.42700805e-09
362      15.161919 -5.55483962e-08 -3.81433517e-09  2.67002955e-08 -2.61631805e-09
362      15.178585 -5.51483379e-08 -4.22816517e-09  2.73832229e-08 -2.82605472e-09
362      15.195252 -5.52562704e-08 -4.20028684e-09  2.68449944e-08 -2.93154139e-09
362      15.211919 -5.50196724e-08 -4.53348017e-09  2.83100314e-08 -2.89895805e-09
362      15.228585 -5.46495337e-08 -4.73598517e-09  2.87191510e-08 -2.96897139e-09
362      15.245251 -5.45772454e-08 -5.34022184e-09  3.04973649e-08 -3.14214972e-09
362      15.261918 -5.46968405e-08 -5.25598350e-09  3.05522727e-08 -3.05853805e-09
362      15.278585 -5.45087467e-08 -5.96717684e-09  3.28049807e-08 -3.21657805e-09
362      15.295252 -5.44341399e-08 -6.07935850e-09  3.30093022e-08 -3.27203805e-09
362      15.311918 -5.40185809e-08 -6.39743017e-09  3.44961895e-08 -3.20368305e-09
362      15.328585 -5.45227619e-08 -6.63102017e-09  3.43555592e-08 -3.50704805e-09
362      15.345251 -5.52920770e-08 -7.04757684e-09  3.50337722e-08 -3.82418805e-09
362      15.361918 -5.67953177e-08 -7.18597684e-09  3.42715442e-08 -4.26602139e-09
362      15.378585 -5.77378295e-08 -7.35566184e-09  3.37253630e-08 -4.63901305e-09
362      15.395251 -5.79368839e-08 -7.17603017e-09  3.23465704e-08 -4.79762639e-09
362      15.411918 -5.79397192e-08 -7.13303684e-09  3.20110759e-08 -4.83286472e-09
362      15.428585 -5.85796652e-08 -6.92918184e-09  3.16311444e-08 -4.77880639e-09
362      15.445251 -5.81618664e-08 -6.62854517e-09  3.13621614e-08 -4.51174305e-09
362      15.461918 -5.76593474e-08 -7.37004184e-09  3.25495170e-08 -4.91470305e-09
362      15.478584 -5.72994185e-08 -6.93060017e-09  3.31553162e-08 -4.31830139e-09
362      15.495251 -5.72867564e-08 -6.83284684e-09  3.37459005e-08 -4.08741805e-09
362      15.511918 -5.72797019e-08 -6.73652684e-09  3.41988040e-08 -3.88990305e-09
362      15.528585 -5.63046910e-08 -7.20892850e-09  3.64115199e-08 -3.75554972e-09
362      15.545251 -5.56183504e-08 -7.18465350e-09  3.69706360e-08 -3.54327139e-09
362      15.561917 -5.48251277e-08 -7.97852850e-09  3.95342935e-08 -3.65627305e-09
362      15.578584 -5.45989640e-08 -8.00230850e-09  4.00223287e-08 -3.54763805e-09
362      15.595251 -5.45659684e-08 -7.98798017e-09  4.06050455e-08 -3.39753805e-09
362      15.611918 -5.35531990e-08 -8.78900017e-09  4.30049187e-08 -3.53515805e-09
362      15.628584 -5.26123049e-08 -9.32189850e-09  4.43243777e-08 -3.66630305e-09
362      15.645251 -5.17039919e-08 -9.70539184e-09  4.51284739e-08 -3.77335472e-09
362      15.661917 -5.08995399e-08 -1.03778169e-08  4.66512720e-08 -4.00522139e-09
362      15.678584 -5.01560009e-08 -1.09856085e-08  4.88320030e-08 -4.02916139e-09
362      15.695250 -5.00018072e-08 -1.10611885e-08  4.96562294e-08 -3.90002472e-09
362      15.711917 -4.98061554e-08 -1.12119119e-08  4.98402444e-08 -3.98660805e-09
362      15.728584 -4.92352355e-08 -1.19894819e-08  5.17130100e-08 -4.26079972e-09
362      15.745251 -4.88372154e-08 -1.23277219e-08  5.23250172e-08 -4.41314305e-09
362      15.761917 -4.89314444e-08 -1.23721002e-08  5.23042179e-08 -4.46929305e-09
362      15.778583 -4.91708219e-08 -1.24533202e-08  5.21094057e-08 -4.61393139e-09
362      15.795251 -4.99220682e-08 -1.22727235e-08  5.08942639e-08 -4.78391305e-09
362      15.811917 -4.99460837e-08 -1.24099785e-08  5.04921474e-08 -5.01117805e-09
362      15.828584 -5.08716102e-08 -1.24268719e-08  4.98274690e-08 -5.26202139e-09
362      15.845250 -5.13451229e-08 -1.21077485e-08  4.90585932e-08 -5.17078139e-09
362      15.861917 -5.13064720e-08 -1.17787035e-08  4.77187569e-08 -5.15506305e-09
362      15.878584 -5.07680730e-08 -1.18040135e-08  4.83439102e-08 -4.98864972e-09
362      15.895250 -5.03089127e-08 -1.16417952e-08  4.87285489e-08 -4.70254305e-09
362      15.911916 -5.05806430e-08 -1.05990669e-08  4.81092212e-08 -3.85766972e-09
362      15.928583 -5.06056134e-08 -1.01874469e-08  4.76216479e-08 -3.57247305e-09
362      15.945250 -5.01868742e-08 -9.86500851e-09  4.77077577e-08 -3.20294972e-09
362      15.961917 -4.94262729e-08 -1.00040519e-08  4.98675130e-08 -2.77572139e-09
362      15.978583 -4.83847609e-08 -1.03424402e-08  5.09841345e-08 -2.75547972e-09
362      15.995250 -4.61906324e-08 -1.04183852e-08  5.13203597e-08 -2.55685972e-09
362      16.011916 -4.53334892e-08 -1.09698552e-08  5.36097179e-08 -2.49090305e-09
362      16.028583 -4.41975052e-08 -1.11532785e-08  5.50207037e-08 -2.24437805e-09
362      16.045250 -4.33756075e-08 -1.14452769e-08  5.68127234e-08 -2.04372139e-09
362      16.061917 -4.28354414e-08 -1.16923102e-08  5.84273984e-08 -1.86509472e-09
362      16.078583 -4.26295935e-08 -1.17005102e-08  5.89101359e-08 -1.74410472e-09
362      16.095250 -4.28316494e-08 -1.18697419e-08  5.95245100e-08 -1.78534805e-09
362      16.111916 -4.29669549e-08 -1.23291885e-08  6.05009149e-08 -2.01898639e-09
362      16.128583 -4.34788562e-08 -1.22976419e-08  6.08236469e-08 -1.96003472e-09
362      16.145249 -3.60828795e-08 -1.56374735e-08  6.26671727e-08 -4.11524805e-09
362      16.161916 -3.49991594e-08 -1.49984252e-08  6.34822897e-08 -3.21226305e-09
362      16.178583 -3.51905195e-08 -1.54103352e-08  6.35894750e-08 -3.60401805e-09
362      16.195250 -3.44188922e-08 -1.58990835e-08  6.35530702e-08 -4.01719139e-09
362      16.211916 -3.35596199e-08 -1.68295535e-08  6.51097367e-08 -4.48538139e-09
362      16.228582 -3.31311734e-08 -1.74414735e-08  6.59944549e-08 -4.83732139e-09
362      16.245249 -3.30526205e-08 -1.80431119e-08  6.78156142e-08 -4.99575972e-09
362      16.261916 -3.29852625e-08 -1.81136652e-08  6.82765342e-08 -4.95239305e-09
362      16.278582 -3.30738985e-08 -1.82786302e-08  6.91218932e-08 -4.92626805e-09
362      16.295249 -3.31803697e-08 -1.84967435e-08  6.95732334e-08 -5.04362305e-09
362      16.311915 -3.33053119e-08 -1.82220785e-08  6.96324602e-08 -4.77500472e-09
362      16.328582 -3.35042819e-08 -1.81670369e-08  6.97477927e-08 -4.71296639e-09
362      16.345249 -3.38388810e-08 -1.83110502e-08  6.98462635e-08 -4.85983639e-09
362      16.361916 -3.39126504e-08 -1.83660035e-08  7.04077182e-08 -4.79086805e-09
362      16.378582 -3.41509014e-08 -1.82011085e-08  7.03540060e-08 -4.66465139e-09
362      16.395249 -3.46366935e-08 -1.79323585e-08  7.03049912e-08 -4.45880805e-09
362      16.411915 -3.49129995e-08 -1.76787069e-08  7.01263455e-08 -4.27860472e-09
362      16.428582 -3.52337314e-08 -1.76418819e-08  7.08916029e-08 -4.09598472e-09
362      16.445249 -3.52273815e-08 -1.73224802e-08  7.02097195e-08 -3.94227305e-09
362      16.461915 -3.58785995e-08 -1.72935669e-08  7.07784465e-08 -3.84190972e-09
362      16.478582 -3.62090734e-08 -1.71610185e-08  7.06671964e-08 -3.76846305e-09
362      16.495249 -3.63870282e-08 -1.70014719e-08  7.12197625e-08 -3.50293139e-09
362      16.511915 -3.64042585e-08 -1.65523102e-08  7.03835955e-08 -3.26097639e-09
362      16.528582 -3.64048704e-08 -1.67931219e-08  7.02721669e-08 -3.51998472e-09
362      16.545248 -3.60367045e-08 -1.70250219e-08  7.03079502e-08 -3.70368639e-09
362      16.561915 -3.59829304e-08 -1.72110785e-08  7.06041115e-08 -3.81127305e-09
362      16.578582 -3.61205917e-08 -1.68236019e-08  7.00298290e-08 -3.57976972e-09
362      16.595248 -3.63415224e-08 -1.65018069e-08  6.99445482e-08 -3.30715805e-09
362      16.611915 -3.65570822e-08 -1.64760252e-08  6.97492990e-08 -3.34619472e-09
362      16.628581 -3.66734752e-08 -1.66277252e-08  7.10701015e-08 -3.20057805e-09
362      16.645248 -3.74316179e-08 -1.61502702e-08  7.03596449e-08 -2.96847139e-09
362      16.661915 -3.77528137e-08 -1.60624135e-08  7.01911017e-08 -2.95063805e-09
362      16.678581 -3.82979417e-08 -1.60321452e-08  6.90717844e-08 -3.22671639e-09
362      16.695248 -3.82570710e-08 -1.59535469e-08  6.79352507e-08 -3.40758972e-09
362      16.711914 -3.81998485e-08 -1.56708635e-08  6.77690167e-08 -3.16662972e-09
362      16.728581 -3.82591024e-08 -1.52040052e-08  6.75229602e-08 -2.77585805e-09
362      16.745248 -3.81556580e-08 -1.48784069e-08  6.73834994e-08 -2.48303305e-09
362      16.761915 -3.84684064e-08 -1.50107119e-08  6.72862925e-08 -2.66145639e-09
362      16.778581 -3.86331779e-08 -1.48615619e-08  6.70699024e-08 -2.58122139e-09
362      16.795248 -3.85594747e-08 -1.44871702e-08  6.71085627e-08 -2.20288805e-09
362      16.811914 -3.88942805e-08 -1.41342419e-08  6.68991204e-08 -1.93871972e-09
362      16.828581 -3.94672282e-08 -1.38007935e-08  6.58916250e-08 -1.89765805e-09
362      16.845248 -3.97062154e-08 -1.38806885e-08  6.57282962e-08 -2.03385639e-09
362      16.861914 -3.96270964e-08 -1.38020969e-08  6.58015910e-08 -1.93382472e-09
362      16.878581 -3.95423017e-08 -1.36366719e-08  6.51344742e-08 -1.91888472e-09
362      16.895247 -3.96118037e-08 -1.39199652e-08  6.52295050e-08 -2.17787972e-09
362      16.911914 -3.97613415e-08 -1.35899335e-08  6.43563467e-08 -2.07154972e-09
362      16.928581 -3.99169884e-08 -1.33762952e-08  6.41689455e-08 -1.92129972e-09
362      16.945247 -4.00984787e-08 -1.34174369e-08  6.40746079e-08 -1.99899139e-09
362      16.961914 -4.03832269e-08 -1.35562635e-08  6.35901870e-08 -2.26999639e-09
362      16.978580 -4.08180332e-08 -1.33999035e-08  6.28002555e-08 -2.33827972e-09
362      16.995247 -4.14666469e-08 -1.36113969e-08  6.33011239e-08 -2.48627639e-09
362      17.011914 -4.13617609e-08 -1.31734552e-08  6.28840502e-08 -2.14799139e-09
362      17.028580 -4.24124835e-08 -1.36602235e-08  6.27596404e-08 -2.74201805e-09
362      17.045247 -4.28761024e-08 -1.31578752e-08  6.17378739e-08 -2.53060139e-09
362      17.061914 -4.27890697e-08 -1.31446135e-08  6.11702667e-08 -2.64011639e-09
362      17.078580 -4.27477472e-08 -1.36310202e-08  6.07130459e-08 -3.21270305e-09
362      17.095247 -4.26655880e-08 -1.36593652e-08  6.11610309e-08 -3.13019139e-09
362      17.111914 -4.25770359e-08 -1.33847685e-08  6.07419290e-08 -2.95216972e-09
362      17.128580 -4.25079084e-08 -1.31484669e-08  6.09139349e-08 -2.67756639e-09
362      17.145247 -4.25774039e-08 -1.27753669e-08  6.06726740e-08 -2.37740139e-09
362      17.161913 -4.24842917e-08 -1.27541235e-08  6.07753200e-08 -2.32499472e-09
362      17.178580 -4.25686992e-08 -1.23102569e-08  6.03212872e-08 -2.00631972e-09
362      17.195247 -4.23560529e-08 -1.20308652e-08  5.99869192e-08 -1.79318639e-09
362      17.211913 -4.26983055e-08 -1.20048069e-08  5.97035807e-08 -1.86335972e-09
362      17.228580 -4.28005574e-08 -1.19464002e-08  5.93515514e-08 -1.89651639e-09
362      17.245247 -4.32716410e-08 -1.17576535e-08  5.87286917e-08 -1.89827305e-09
362      17.261913 -4.34709622e-08 -1.19398202e-08  5.88384507e-08 -2.06744805e-09
362      17.278580 -4.38137657e-08 -1.20571385e-08  5.83625954e-08 -2.32072472e-09
362      17.295246 -4.41985307e-08 -1.20626469e-08  5.79140309e-08 -2.46311639e-09
362      17.311913 -4.44079465e-08 -1.19571185e-08  5.73178239e-08 -2.51607639e-09
362      17.328580 -4.46895059e-08 -1.17460252e-08  5.64842974e-08 -2.52749139e-09
362      17.345246 -4.48166665e-08 -1.17284019e-08  5.61360989e-08 -2.60149805e-09
362      17.361913 -4.45662454e-08 -1.15084852e-08  5.56686680e-08 -2.47309472e-09
362      17.378579 -4.48369195e-08 -1.15139935e-08  5.59130552e-08 -2.44656805e-09
362      17.395246 -4.50824750e-08 -1.15587852e-08  5.58587299e-08 -2.52429305e-09
362      17.411912 -4.51340805e-08 -1.17275919e-08  5.55160589e-08 -2.77101305e-09
362      17.428579 -4.53075799e-08 -1.17451269e-08  5.47311590e-08 -2.98324639e-09
362      17.445246 -4.54150715e-08 -1.15509802e-08  5.43014864e-08 -2.90302972e-09
362      17.461913 -4.55088755e-08 -1.14244002e-08  5.42627605e-08 -2.79755639e-09
362      17.478579 -4.55510622e-08 -1.13854885e-08  5.41329100e-08 -2.79333639e-09
362      17.495246 -4.57727790e-08 -1.12070702e-08  5.37138417e-08 -2.73610472e-09
362      17.511912 -4.59060130e-08 -1.10779119e-08  5.33573125e-08 -2.70441639e-09
362      17.528579 -4.61113627e-08 -1.10663519e-08  5.32568009e-08 -2.73450972e-09
362      17.545246 -4.63280470e-08 -1.09015852e-08  5.27432292e-08 -2.71168139e-09
362      17.561912 -4.63268735e-08 -1.07342102e-08  5.26310270e-08 -2.57502972e-09
362      17.578579 -4.64079475e-08 -1.06041002e-08  5.23630847e-08 -2.51748972e-09
362      17.595245 -4.65597382e-08 -1.06167802e-08  5.20955780e-08 -2.60455139e-09
362      17.611912 -4.66138802e-08 -1.06547469e-08  5.19740147e-08 -2.67400139e-09
362      17.628579 -4.67807012e-08 -1.06488485e-08  5.16789227e-08 -2.75070639e-09
362      17.645245 -4.69106812e-08 -1.05740669e-08  5.12981569e-08 -2.77695305e-09
362      17.661912 -4.71300075e-08 -1.03080402e-08  5.07309315e-08 -2.66839305e-09
362      17.678579 -4.72299554e-08 -1.02284169e-08  5.06648182e-08 -2.61531805e-09
362      17.695245 -4.73009017e-08 -1.02316819e-08  5.08916915e-08 -2.57285472e-09
362      17.711912 -4.72101842e-08 -9.86577685e-09  5.00474469e-08 -2.40335472e-09
362      17.728579 -4.76074942e-08 -1.00588152e-08  5.02384794e-08 -2.58210972e-09
362      17.745245 -4.77330869e-08 -9.97728351e-09  4.96076155e-08 -2.65867972e-09
362      17.761912 -4.79221819e-08 -9.94302185e-09  4.92208799e-08 -2.73081139e-09
362      17.778578 -4.79778097e-08 -9.73956851e-09  4.87306419e-08 -2.65076305e-09
362      17.795245 -4.81957397e-08 -9.67571184e-09  4.85737247e-08 -2.64417472e-09
362      17.811912 -4.83357307e-08 -9.47357184e-09  4.80271622e-08 -2.58577472e-09
362      17.828578 -4.85120800e-08 -9.37351684e-09  4.75596165e-08 -2.61148305e-09
362      17.845245 -4.84546634e-08 -9.25132850e-09  4.71831454e-08 -2.57409305e-09
362      17.861912 -4.85228904e-08 -9.25740350e-09  4.73762320e-08 -2.54185139e-09
362      17.878578 -4.85133275e-08 -9.09089850e-09  4.70019609e-08 -2.46526139e-09
362      17.895245 -4.86777889e-08 -9.00764684e-09  4.65364655e-08 -2.50571805e-09
362      17.911912 -4.87619577e-08 -8.92550517e-09  4.62930847e-08 -2.48927139e-09
362      17.928578 -4.88348559e-08 -8.85051684e-09  4.60679800e-08 -2.47456972e-09
362      17.945245 -4.89465987e-08 -8.73394850e-09  4.55894932e-08 -2.48100639e-09
362      17.961911 -4.90638099e-08 -8.83458017e-09  4.54467862e-08 -2.62164139e-09
362      17.978578 -4.92222284e-08 -8.77032850e-09  4.51538520e-08 -2.64047139e-09
362      17.995244 -4.91976760e-08 -8.65331017e-09  4.50284584e-08 -2.55354305e-09
362      18.011911 -4.94078762e-08 -8.56713517e-09  4.45964074e-08 -2.58755139e-09
362      18.028578 -4.94659065e-08 -8.62730184e-09  4.43061317e-08 -2.71745472e-09
362      18.045244 -4.94527487e-08 -8.74626684e-09  4.38601180e-08 -2.93365305e-09
362      18.061911 -4.94986750e-08 -8.74138017e-09  4.35889815e-08 -2.99503972e-09
362      18.078578 -4.95395140e-08 -8.69858517e-09  4.31460530e-08 -3.05850805e-09
362      18.095244 -4.97586687e-08 -8.42655850e-09  4.29671705e-08 -2.85522472e-09
362      18.111911 -4.99036804e-08 -7.99005684e-09  4.28743324e-08 -2.46620805e-09
362      18.128577 -4.97194140e-08 -7.51000517e-09  4.23248389e-08 -2.11011972e-09
362      18.145244 -4.96330755e-08 -7.16206517e-09  4.20627525e-08 -1.82511472e-09
362      18.161911 -4.94876024e-08 -6.82328017e-09  4.15898834e-08 -1.59191805e-09
362      18.178577 -4.93640182e-08 -6.61255017e-09  4.15646815e-08 -1.38239139e-09
362      18.195244 -4.95568547e-08 -6.66279517e-09  4.11599072e-08 -1.54084305e-09
362      18.211911 -4.94821660e-08 -6.62999850e-09  4.06370364e-08 -1.62199805e-09
362      18.228577 -4.95637455e-08 -6.58807850e-09  4.05322177e-08 -1.61257472e-09
362      18.245244 -4.95068349e-08 -6.32434350e-09  4.03709639e-08 -1.38873305e-09
362      18.261911 -4.95829222e-08 -6.16184850e-09  3.97745209e-08 -1.37434472e-09
362      18.278577 -4.92760842e-08 -5.98581350e-09  3.96025002e-08 -1.21575305e-09
362      18.295244 -4.92407527e-08 -5.95010350e-09  3.96157982e-08 -1.17495472e-09
362      18.311910 -4.91761849e-08 -6.03374350e-09  3.93946707e-08 -1.30085305e-09
362      18.328577 -4.92564800e-08 -6.04499350e-09  3.88520235e-08 -1.44299139e-09
362      18.345244 -4.90890070e-08 -6.19486350e-09  3.88191597e-08 -1.58089972e-09
362      18.361910 -4.92686814e-08 -6.30694184e-09  3.82580290e-08 -1.83383639e-09
362      18.378577 -4.94744167e-08 -6.47911350e-09  3.80780185e-08 -2.06020305e-09
362      18.395243 -4.95824524e-08 -6.33440184e-09  3.75002824e-08 -2.06161139e-09
362      18.411910 -4.96753890e-08 -6.25448184e-09  3.71347492e-08 -2.07595805e-09
362      18.428577 -4.97236885e-08 -6.16880517e-09  3.71360800e-08 -1.99689972e-09
362      18.445243 -4.95272409e-08 -5.86634850e-09  3.66556952e-08 -1.79604305e-09
362      18.461910 -4.95733005e-08 -5.92045850e-09  3.67660119e-08 -1.82737472e-09
362      18.478577 -4.95909474e-08 -5.94774184e-09  3.65923435e-08 -1.89508472e-09
362      18.495243 -4.95395082e-08 -5.93262850e-09  3.65312527e-08 -1.88983639e-09
362      18.511910 -4.95525499e-08 -5.99478350e-09  3.65563172e-08 -1.94552139e-09
362      18.528577 -4.95449285e-08 -5.99670184e-09  3.63436237e-08 -1.99532139e-09
362      18.545243 -4.95225044e-08 -6.05793684e-09  3.60088090e-08 -2.12923139e-09
362      18.561910 -4.94878039e-08 -6.08439184e-09  3.60007507e-08 -2.15363639e-09
362      18.578577 -4.95146429e-08 -6.25861684e-09  3.55828572e-08 -2.42044305e-09
362      18.595243 -4.94418832e-08 -6.22087184e-09  3.55254820e-08 -2.39050805e-09
362      18.611909 -4.94194664e-08 -6.04484350e-09  3.49798172e-08 -2.34258639e-09
362      18.628577 -4.95533672e-08 -5.94648350e-09  3.52146122e-08 -2.20547139e-09
362      18.645243 -4.95597639e-08 -5.80624850e-09  3.51688605e-08 -2.08053972e-09
362      18.661910 -4.93574794e-08 -5.63224850e-09  3.51487164e-08 -1.89847472e-09
362      18.678576 -4.93293117e-08 -5.47263350e-09  3.46057529e-08 -1.86533139e-09
362      18.695243 -4.92130322e-08 -5.48302350e-09  3.45925057e-08 -1.86808639e-09
362      18.711909 -4.92253997e-08 -5.28560017e-09  3.45026549e-08 -1.69834305e-09
362      18.728576 -4.91938102e-08 -5.16132017e-09  3.46282329e-08 -1.54633139e-09
362      18.745243 -4.91589642e-08 -5.21239184e-09  3.43795589e-08 -1.64959472e-09
362      18.761909 -4.92176109e-08 -5.02220517e-09  3.36468699e-08 -1.63786805e-09
362      18.778576 -4.92708447e-08 -4.75794184e-09  3.32154192e-08 -1.48501305e-09
362      18.795242 -4.92306512e-08 -4.63739517e-09  3.31491775e-08 -1.37971639e-09
362      18.811909 -4.86105314e-08 -4.18681184e-09  3.23639327e-08 -1.06711639e-09
362      18.828576 -4.90974117e-08 -4.35742684e-09  3.21262040e-08 -1.33019139e-09
362      18.845242 -4.91468017e-08 -4.23911184e-09  3.19054490e-08 -1.27031639e-09
362      18.861909 -4.91049972e-08 -4.10206350e-09  3.20635382e-08 -1.09761805e-09
362      18.878576 -4.90538805e-08 -3.96227684e-09  3.20866957e-08 -9.52264719e-10
362      18.895242 -4.88369885e-08 -3.87586850e-09  3.17055722e-08 -9.36284719e-10
362      18.911909 -4.86188767e-08 -3.97798684e-09  3.14910972e-08 -1.06489139e-09
362      18.928576 -4.86099582e-08 -3.87629517e-09  3.12551747e-08 -1.01941139e-09
362      18.945242 -4.88251239e-08 -3.85408517e-09  3.09804877e-08 -1.07978305e-09
362      18.961909 -4.86869825e-08 -3.75131350e-09  3.07852257e-08 -1.01247139e-09
362      18.978575 -4.86935409e-08 -3.57262684e-09  3.07588210e-08 -8.45843052e-10
362      18.995242 -4.85716494e-08 -3.60021017e-09  3.03065450e-08 -9.65066386e-10
362      19.011908 -5.42843082e-08 -3.15377350e-09  2.85394587e-08 -1.44349972e-09
362      19.028575 -5.57559509e-08 -3.01154850e-09  2.81174250e-08 -1.53279472e-09
362      19.045242 -5.58307765e-08 -3.08812017e-09  2.75230557e-08 -1.74941972e-09
362      19.061909 -5.58508007e-08 -3.00273350e-09  2.71987285e-08 -1.74249305e-09
362      19.078576 -5.58341074e-08 -2.78110184e-09  2.68201062e-08 -1.61258972e-09
362      19.095242 -5.57228157e-08 -2.66804850e-09  2.64549107e-08 -1.57650139e-09
362      19.111908 -5.57961237e-08 -2.44905684e-09  2.59867087e-08 -1.47761305e-09
362      19.128575 -5.59248990e-08 -2.44584350e-09  2.58414610e-08 -1.51909472e-09
362      19.145241 -5.56638320e-08 -2.30640017e-09  2.61228564e-08 -1.29647305e-09
362      19.161908 -5.57087429e-08 -2.12452017e-09  2.56910384e-08 -1.22271805e-09
362      19.178575 -5.56554240e-08 -2.07890017e-09  2.54268737e-08 -1.23409139e-09
362      19.195241 -5.56249020e-08 -2.04734850e-09  2.51316815e-08 -1.26818305e-09
362      19.211908 -5.56014499e-08 -2.11447850e-09  2.48523420e-08 -1.39496972e-09
362      19.228575 -5.55276264e-08 -2.11214350e-09  2.45774334e-08 -1.44891472e-09
362      19.245242 -5.54196577e-08 -2.16993184e-09  2.43705485e-08 -1.54258805e-09
362      19.261908 -5.54819112e-08 -2.32134517e-09  2.44274479e-08 -1.68191972e-09
362      19.278574 -5.55812324e-08 -2.26032850e-09  2.42079977e-08 -1.68168972e-09
362      19.295241 -5.55039874e-08 -2.23300850e-09  2.39432894e-08 -1.70877972e-09
362      19.311908 -5.54304455e-08 -2.37222017e-09  2.39396737e-08 -1.83804139e-09
362      19.328574 -5.52623990e-08 -2.21472017e-09  2.38369352e-08 -1.69387305e-09
362      19.345241 -5.51367042e-08 -2.19072684e-09  2.35231500e-08 -1.73108805e-09
362      19.361908 -5.50821400e-08 -2.10619184e-09  2.30614817e-08 -1.74967305e-09
362      19.378574 -5.49637682e-08 -1.98858184e-09  2.27010182e-08 -1.70742972e-09
362      19.395241 -5.49966974e-08 -2.04180350e-09  2.29572864e-08 -1.70344305e-09
362      19.411908 -5.48981242e-08 -2.08399684e-09  2.30120955e-08 -1.72308972e-09
362      19.428574 -5.47894235e-08 -2.17639684e-09  2.30970274e-08 -1.78364305e-09
362      19.445241 -5.48307987e-08 -2.21529184e-09  2.32424055e-08 -1.79183305e-09
362      19.461907 -5.47787025e-08 -2.07505184e-09  2.32558775e-08 -1.64816972e-09
362      19.478574 -5.48681195e-08 -2.08323850e-09  2.31785174e-08 -1.68170472e-09
362      19.495241 -5.48030727e-08 -2.02672350e-09  2.32677979e-08 -1.60075472e-09
362      19.511907 -5.48443052e-08 -2.09080684e-09  2.33345050e-08 -1.65131139e-09
362      19.528574 -5.47757675e-08 -2.11116517e-09  2.33382149e-08 -1.66412139e-09
362      19.545240 -5.46122437e-08 -2.02187184e-09  2.30736752e-08 -1.62341805e-09
362      19.561907 -5.44919850e-08 -1.92662684e-09  2.28417514e-08 -1.57333639e-09
362      19.578574 -5.42702294e-08 -1.63412850e-09  2.23100084e-08 -1.39143639e-09
362      19.595240 -5.44200455e-08 -1.50029350e-09  2.18568484e-08 -1.37841805e-09
362      19.611907 -5.44873325e-08 -1.47849017e-09  2.18246264e-08 -1.37060639e-09
362      19.628574 -5.43555527e-08 -1.51156684e-09  2.18736772e-08 -1.37977139e-09
362      19.645240 -5.43368774e-08 -1.52666517e-09  2.18652909e-08 -1.39467139e-09
362      19.661907 -5.42306627e-08 -1.54336350e-09  2.18147579e-08 -1.41295805e-09
362      19.678574 -5.42274164e-08 -1.40275850e-09  2.17754074e-08 -1.28531972e-09
362      19.695240 -5.40076224e-08 -1.11002684e-09  2.11843124e-08 -1.11689472e-09
362      19.711907 -5.40197735e-08 -1.02949850e-09  2.11867610e-08 -1.03935305e-09
362      19.728574 -5.41595239e-08 -1.16725684e-09  2.14210560e-08 -1.13185805e-09
362      19.745240 -5.41270489e-08 -1.14905517e-09  2.13624647e-08 -1.12468305e-09
362      19.761906 -5.41339689e-08 -1.14601017e-09  2.12053214e-08 -1.15821139e-09
362      19.778573 -5.41275870e-08 -1.26947517e-09  2.09097909e-08 -1.34480639e-09
362      19.795240 -5.41092439e-08 -1.38554684e-09  2.10440129e-08 -1.42507972e-09
362      19.811906 -5.39983210e-08 -1.45514517e-09  2.11305845e-08 -1.46295805e-09
362      19.828573 -5.37891222e-08 -1.28027350e-09  2.10540592e-08 -1.29228139e-09
362      19.845240 -5.39676537e-08 -1.45304684e-09  2.10470099e-08 -1.47726472e-09
362      19.861906 -5.40004592e-08 -1.57883184e-09  2.06724210e-08 -1.68762305e-09
362      19.878573 -5.38972719e-08 -1.40246517e-09  2.06184797e-08 -1.51977139e-09
362      19.895240 -5.38775765e-08 -1.45100850e-09  2.06306112e-08 -1.56231305e-09
362      19.911906 -5.35209117e-08 -1.18498184e-09  2.05668182e-08 -1.28726639e-09
362      19.928573 -5.35375030e-08 -1.14892017e-09  2.05154557e-08 -1.26549472e-09
362      19.945240 -5.37923074e-08 -1.11101350e-09  2.07276392e-08 -1.20296139e-09
362      19.961906 -5.37885017e-08 -1.07811350e-09  2.07990440e-08 -1.15442472e-09
362      19.978572 -5.36764750e-08 -1.04749184e-09  2.06381245e-08 -1.15152639e-09
362      19.988572 -5.37021920e-08 -9.42075167e-10  2.06294999e-08 -1.05355805e-09
